 #  DHFS: self-consistent potential and electron density.     ALPHA = 1.500000E+00
 #  Z =  79,  Aw = 1.969665E+02 g/mol,  number of electrons =  7.900000E+01     (Vext = Vnuc+Vel)
 #      R          R*Vext(R)      R*Vnuc(R)      R*Vel(R)       R*Vex(R)        rho(R)
  0.0000000E+00  0.0000000E+00  0.0000000E+00  0.0000000E+00  0.0000000E+00  2.1810695E+06
  1.0097579E-07 -9.6862202E-02 -9.6923855E-02  6.1652945E-05 -1.9342924E-05  2.1810687E+06
  2.0392861E-07 -1.9562074E-01 -1.9574525E-01  1.2451300E-04 -3.9064561E-05  2.1810679E+06
  3.0889716E-07 -2.9631259E-01 -2.9650119E-01  1.8860381E-04 -5.9172321E-05  2.1810666E+06
  4.1592090E-07 -3.9897542E-01 -3.9922937E-01  2.5394946E-04 -7.9673760E-05  2.1810646E+06
  5.2504008E-07 -5.0364764E-01 -5.0396822E-01  3.2057452E-04 -1.0057658E-04  2.1810621E+06
  6.3629572E-07 -6.1036839E-01 -6.1075689E-01  3.8850405E-04 -1.2188863E-04  2.1810588E+06
  7.4972966E-07 -7.1917754E-01 -7.1963530E-01  4.5776358E-04 -1.4361791E-04  2.1810549E+06
  8.6538453E-07 -8.3011573E-01 -8.3064411E-01  5.2837915E-04 -1.6577260E-04  2.1810502E+06
  9.8330383E-07 -9.4322439E-01 -9.4382477E-01  6.0037732E-04 -1.8836100E-04  2.1810448E+06
  1.1035319E-06 -1.0585457E+00 -1.0592195E+00  6.7378515E-04 -2.1139160E-04  2.1810385E+06
  1.2261139E-06 -1.1761227E+00 -1.1768714E+00  7.4863024E-04 -2.3487305E-04  2.1810314E+06
  1.3510960E-06 -1.2959992E+00 -1.2968242E+00  8.2494074E-04 -2.5881416E-04  2.1810233E+06
  1.4785251E-06 -1.4182198E+00 -1.4191226E+00  9.0274533E-04 -2.8322392E-04  2.1810143E+06
  1.6084492E-06 -1.5428301E+00 -1.5438122E+00  9.8207327E-04 -3.0811150E-04  2.1810043E+06
  1.7409171E-06 -1.6698764E+00 -1.6709393E+00  1.0629544E-03 -3.3348623E-04  2.1809932E+06
  1.8759786E-06 -1.7994058E+00 -1.8005512E+00  1.1454191E-03 -3.5935765E-04  2.1809809E+06
  2.0136845E-06 -1.9314666E+00 -1.9326961E+00  1.2294984E-03 -3.8573544E-04  2.1809675E+06
  2.1540865E-06 -2.0661076E+00 -2.0674229E+00  1.3152239E-03 -4.1262952E-04  2.1809529E+06
  2.2972376E-06 -2.2033790E+00 -2.2047816E+00  1.4026278E-03 -4.4004997E-04  2.1809370E+06
  2.4431913E-06 -2.3433314E+00 -2.3448231E+00  1.4917430E-03 -4.6800708E-04  2.1809197E+06
  2.5920028E-06 -2.4860167E+00 -2.4875993E+00  1.5826030E-03 -4.9651133E-04  2.1809009E+06
  2.7437278E-06 -2.6314877E+00 -2.6331629E+00  1.6752420E-03 -5.2557341E-04  2.1808807E+06
  2.8984235E-06 -2.7797980E+00 -2.7815677E+00  1.7696948E-03 -5.5520421E-04  2.1808589E+06
  3.0561480E-06 -2.9310025E+00 -2.9328685E+00  1.8659968E-03 -5.8541485E-04  2.1808354E+06
  3.2169606E-06 -3.0851569E+00 -3.0871211E+00  1.9641844E-03 -6.1621664E-04  2.1808102E+06
  3.3809218E-06 -3.2423179E+00 -3.2443822E+00  2.0642944E-03 -6.4762112E-04  2.1807831E+06
  3.5480932E-06 -3.4025433E+00 -3.4047097E+00  2.1663645E-03 -6.7964008E-04  2.1807541E+06
  3.7185377E-06 -3.5658920E+00 -3.5681624E+00  2.2704330E-03 -7.1228548E-04  2.1807232E+06
  3.8923194E-06 -3.7324239E+00 -3.7348004E+00  2.3765391E-03 -7.4556957E-04  2.1806901E+06
  4.0695035E-06 -3.9021999E+00 -3.9046846E+00  2.4847227E-03 -7.7950480E-04  2.1806548E+06
  4.2501568E-06 -4.0752822E+00 -4.0778772E+00  2.5950244E-03 -8.1410388E-04  2.1806173E+06
  4.4343471E-06 -4.2517340E+00 -4.2544415E+00  2.7074857E-03 -8.4937974E-04  2.1805773E+06
  4.6221437E-06 -4.4316196E+00 -4.4344418E+00  2.8221489E-03 -8.8534561E-04  2.1805348E+06
  4.8136172E-06 -4.6150045E+00 -4.6179436E+00  2.9390571E-03 -9.2201491E-04  2.1804896E+06
  5.0088396E-06 -4.8019554E+00 -4.8050136E+00  3.0582543E-03 -9.5940138E-04  2.1804417E+06
  5.2078843E-06 -4.9925400E+00 -4.9957197E+00  3.1797852E-03 -9.9751897E-04  2.1803909E+06
  5.4108261E-06 -5.1868273E+00 -5.1901310E+00  3.3036956E-03 -1.0363819E-03  2.1803370E+06
  5.6177413E-06 -5.3848876E+00 -5.3883176E+00  3.4300321E-03 -1.0760048E-03  2.1802800E+06
  5.8287078E-06 -5.5867922E+00 -5.5903510E+00  3.5588421E-03 -1.1164024E-03  2.1802197E+06
  6.0438048E-06 -5.7926138E+00 -5.7963040E+00  3.6901741E-03 -1.1575897E-03  2.1801559E+06
  6.2631132E-06 -6.0024262E+00 -6.0062503E+00  3.8240775E-03 -1.1995822E-03  2.1800885E+06
  6.4867155E-06 -6.2163047E+00 -6.2202653E+00  3.9606025E-03 -1.2423955E-03  2.1800173E+06
  6.7146957E-06 -6.4343255E+00 -6.4384253E+00  4.0998006E-03 -1.2860456E-03  2.1799421E+06
  6.9471396E-06 -6.6565664E+00 -6.6608081E+00  4.2417241E-03 -1.3305488E-03  2.1798628E+06
  7.1841346E-06 -6.8831063E+00 -6.8874927E+00  4.3864263E-03 -1.3759216E-03  2.1797792E+06
  7.4257697E-06 -7.1140254E+00 -7.1185594E+00  4.5339617E-03 -1.4221809E-03  2.1796911E+06
  7.6721359E-06 -7.3494053E+00 -7.3540897E+00  4.6843856E-03 -1.4693440E-03  2.1795982E+06
  7.9233256E-06 -7.5893289E+00 -7.5941667E+00  4.8377547E-03 -1.5174284E-03  2.1795005E+06
  8.1794335E-06 -7.8338804E+00 -7.8388745E+00  4.9941267E-03 -1.5664520E-03  2.1793976E+06
  8.4405557E-06 -8.0831452E+00 -8.0882988E+00  5.1535602E-03 -1.6164331E-03  2.1792893E+06
  8.7067905E-06 -8.3372103E+00 -8.3425264E+00  5.3161153E-03 -1.6673901E-03  2.1791754E+06
  8.9782379E-06 -8.5961637E+00 -8.6016456E+00  5.4818531E-03 -1.7193420E-03  2.1790557E+06
  9.2550001E-06 -8.8600951E+00 -8.8657460E+00  5.6508359E-03 -1.7723081E-03  2.1789299E+06
  9.5371810E-06 -9.1290953E+00 -9.1349185E+00  5.8231272E-03 -1.8263081E-03  2.1787977E+06
  9.8248868E-06 -9.4032565E+00 -9.4092553E+00  5.9987918E-03 -1.8813619E-03  2.1786588E+06
  1.0118226E-05 -9.6826723E+00 -9.6888502E+00  6.1778957E-03 -1.9374900E-03  2.1785130E+06
  1.0417308E-05 -9.9674375E+00 -9.9737980E+00  6.3605063E-03 -1.9947131E-03  2.1783600E+06
  1.0722246E-05 -1.0257648E+01 -1.0264195E+01  6.5466922E-03 -2.0530523E-03  2.1781994E+06
  1.1033154E-05 -1.0553402E+01 -1.0560139E+01  6.7365235E-03 -2.1125293E-03  2.1780310E+06
  1.1350150E-05 -1.0854799E+01 -1.0861729E+01  6.9300715E-03 -2.1731661E-03  2.1778544E+06
  1.1673352E-05 -1.1161937E+01 -1.1169064E+01  7.1274089E-03 -2.2349849E-03  2.1776692E+06
  1.2002882E-05 -1.1474919E+01 -1.1482247E+01  7.3286100E-03 -2.2980086E-03  2.1774750E+06
  1.2338864E-05 -1.1793847E+01 -1.1801381E+01  7.5337505E-03 -2.3622604E-03  2.1772716E+06
  1.2681424E-05 -1.2118826E+01 -1.2126569E+01  7.7429073E-03 -2.4277639E-03  2.1770585E+06
  1.3030692E-05 -1.2449960E+01 -1.2457916E+01  7.9561593E-03 -2.4945433E-03  2.1768352E+06
  1.3386798E-05 -1.2787356E+01 -1.2795530E+01  8.1735864E-03 -2.5626230E-03  2.1766015E+06
  1.3749876E-05 -1.3131122E+01 -1.3139517E+01  8.3952706E-03 -2.6320280E-03  2.1763567E+06
  1.4120062E-05 -1.3481365E+01 -1.3489986E+01  8.6212951E-03 -2.7027839E-03  2.1761005E+06
  1.4497497E-05 -1.3838197E+01 -1.3847049E+01  8.8517449E-03 -2.7749163E-03  2.1758324E+06
  1.4882321E-05 -1.4201727E+01 -1.4210814E+01  9.0867067E-03 -2.8484519E-03  2.1755519E+06
  1.5274681E-05 -1.4572068E+01 -1.4581394E+01  9.3262687E-03 -2.9234173E-03  2.1752585E+06
  1.5674722E-05 -1.4949333E+01 -1.4958903E+01  9.5705211E-03 -2.9998400E-03  2.1749516E+06
  1.6082595E-05 -1.5333634E+01 -1.5343454E+01  9.8195557E-03 -3.0777477E-03  2.1746306E+06
  1.6498455E-05 -1.5725087E+01 -1.5735161E+01  1.0073466E-02 -3.1571689E-03  2.1742951E+06
  1.6922456E-05 -1.6123807E+01 -1.6134140E+01  1.0332348E-02 -3.2381324E-03  2.1739444E+06
  1.7354759E-05 -1.6529910E+01 -1.6540506E+01  1.0596298E-02 -3.3206674E-03  2.1735778E+06
  1.7795527E-05 -1.6943512E+01 -1.6954378E+01  1.0865416E-02 -3.4048040E-03  2.1731948E+06
  1.8244924E-05 -1.7364731E+01 -1.7375871E+01  1.1139803E-02 -3.4905725E-03  2.1727946E+06
  1.8703120E-05 -1.7793683E+01 -1.7805103E+01  1.1419562E-02 -3.5780039E-03  2.1723765E+06
  1.9170287E-05 -1.8230487E+01 -1.8242192E+01  1.1704799E-02 -3.6671297E-03  2.1719399E+06
  1.9646600E-05 -1.8675261E+01 -1.8687256E+01  1.1995620E-02 -3.7579818E-03  2.1714840E+06
  2.0132240E-05 -1.9128122E+01 -1.9140414E+01  1.2292135E-02 -3.8505931E-03  2.1710079E+06
  2.0627388E-05 -1.9589188E+01 -1.9601782E+01  1.2594456E-02 -3.9449965E-03  2.1705110E+06
  2.1132231E-05 -2.0058577E+01 -2.0071480E+01  1.2902695E-02 -4.0412258E-03  2.1699923E+06
  2.1646957E-05 -2.0536406E+01 -2.0549623E+01  1.3216970E-02 -4.1393155E-03  2.1694509E+06
  2.2171762E-05 -2.1022792E+01 -2.1036329E+01  1.3537397E-02 -4.2393003E-03  2.1688860E+06
  2.2706842E-05 -2.1517850E+01 -2.1531714E+01  1.3864098E-02 -4.3412157E-03  2.1682967E+06
  2.3252399E-05 -2.2021696E+01 -2.2035893E+01  1.4197195E-02 -4.4450979E-03  2.1676819E+06
  2.3808637E-05 -2.2534442E+01 -2.2548979E+01  1.4536814E-02 -4.5509836E-03  2.1670407E+06
  2.4375765E-05 -2.3056202E+01 -2.3071085E+01  1.4883082E-02 -4.6589100E-03  2.1663720E+06
  2.4953998E-05 -2.3587085E+01 -2.3602321E+01  1.5236130E-02 -4.7689152E-03  2.1656747E+06
  2.5543552E-05 -2.4127200E+01 -2.4142796E+01  1.5596089E-02 -4.8810375E-03  2.1649478E+06
  2.6144648E-05 -2.4676654E+01 -2.4692617E+01  1.5963096E-02 -4.9953162E-03  2.1641900E+06
  2.6757514E-05 -2.5235549E+01 -2.5251887E+01  1.6337289E-02 -5.1117912E-03  2.1634002E+06
  2.7382379E-05 -2.5803988E+01 -2.5820707E+01  1.6718807E-02 -5.2305027E-03  2.1625771E+06
  2.8019478E-05 -2.6382067E+01 -2.6399175E+01  1.7107795E-02 -5.3514920E-03  2.1617195E+06
  2.8669052E-05 -2.6969881E+01 -2.6987385E+01  1.7504399E-02 -5.4748007E-03  2.1608260E+06
  2.9331343E-05 -2.7567518E+01 -2.7585427E+01  1.7908768E-02 -5.6004711E-03  2.1598952E+06
  3.0006601E-05 -2.8175065E+01 -2.8193387E+01  1.8321053E-02 -5.7285464E-03  2.1589258E+06
  3.0695081E-05 -2.8792602E+01 -2.8811344E+01  1.8741411E-02 -5.8590701E-03  2.1579162E+06
  3.1397040E-05 -2.9420203E+01 -2.9439373E+01  1.9169998E-02 -5.9920866E-03  2.1568650E+06
  3.2112743E-05 -3.0057938E+01 -3.0077545E+01  1.9606976E-02 -6.1276408E-03  2.1557706E+06
  3.2842458E-05 -3.0705868E+01 -3.0725921E+01  2.0052509E-02 -6.2657785E-03  2.1546314E+06
  3.3586461E-05 -3.1364049E+01 -3.1384556E+01  2.0506765E-02 -6.4065459E-03  2.1534457E+06
  3.4345031E-05 -3.2032527E+01 -3.2053497E+01  2.0969914E-02 -6.5499900E-03  2.1522118E+06
  3.5118453E-05 -3.2711341E+01 -3.2732783E+01  2.1442130E-02 -6.6961584E-03  2.1509279E+06
  3.5907018E-05 -3.3400521E+01 -3.3422444E+01  2.1923592E-02 -6.8450994E-03  2.1495923E+06
  3.6711022E-05 -3.4100085E+01 -3.4122499E+01  2.2414480E-02 -6.9968619E-03  2.1482029E+06
  3.7530768E-05 -3.4810041E+01 -3.4832956E+01  2.2914978E-02 -7.1514955E-03  2.1467580E+06
  3.8366564E-05 -3.5530387E+01 -3.5553812E+01  2.3425275E-02 -7.3090506E-03  2.1452555E+06
  3.9218724E-05 -3.6261104E+01 -3.6285049E+01  2.3945562E-02 -7.4695780E-03  2.1436933E+06
  4.0087569E-05 -3.7002163E+01 -3.7026639E+01  2.4476035E-02 -7.6331292E-03  2.1420694E+06
  4.0973424E-05 -3.7753518E+01 -3.7778535E+01  2.5016894E-02 -7.7997565E-03  2.1403815E+06
  4.1876624E-05 -3.8515108E+01 -3.8540676E+01  2.5568341E-02 -7.9695128E-03  2.1386275E+06
  4.2797508E-05 -3.9286853E+01 -3.9312983E+01  2.6130584E-02 -8.1424514E-03  2.1368051E+06
  4.3736422E-05 -4.0068656E+01 -4.0095360E+01  2.6703834E-02 -8.3186265E-03  2.1349119E+06
  4.4693719E-05 -4.0860400E+01 -4.0887689E+01  2.7288307E-02 -8.4980929E-03  2.1329456E+06
  4.5669759E-05 -4.1661945E+01 -4.1689829E+01  2.7884222E-02 -8.6809058E-03  2.1309036E+06
  4.6664909E-05 -4.2473129E+01 -4.2501621E+01  2.8491804E-02 -8.8671212E-03  2.1287836E+06
  4.7679543E-05 -4.3293764E+01 -4.3322875E+01  2.9111280E-02 -9.0567957E-03  2.1265828E+06
  4.8714043E-05 -4.4123637E+01 -4.4153380E+01  2.9742884E-02 -9.2499862E-03  2.1242986E+06
  4.9768797E-05 -4.4962505E+01 -4.4992892E+01  3.0386852E-02 -9.4467506E-03  2.1219285E+06
  5.0844203E-05 -4.5810095E+01 -4.5841139E+01  3.1043427E-02 -9.6471470E-03  2.1194696E+06
  5.1940664E-05 -4.6666103E+01 -4.6697815E+01  3.1712856E-02 -9.8512342E-03  2.1169193E+06
  5.3058592E-05 -4.7530186E+01 -4.7562582E+01  3.2395390E-02 -1.0059072E-02  2.1142745E+06
  5.4198409E-05 -4.8401969E+01 -4.8435060E+01  3.3091285E-02 -1.0270719E-02  2.1115325E+06
  5.5360542E-05 -4.9281032E+01 -4.9314833E+01  3.3800804E-02 -1.0486237E-02  2.1086904E+06
  5.6545429E-05 -5.0166917E+01 -5.0201442E+01  3.4524212E-02 -1.0705686E-02  2.1057451E+06
  5.7753514E-05 -5.1059118E+01 -5.1094380E+01  3.5261781E-02 -1.0929127E-02  2.1026938E+06
  5.8985253E-05 -5.1957082E+01 -5.1993096E+01  3.6013790E-02 -1.1156623E-02  2.0995333E+06
  6.0241109E-05 -5.2860203E+01 -5.2896984E+01  3.6780519E-02 -1.1388235E-02  2.0962606E+06
  6.1521552E-05 -5.3767823E+01 -5.3805385E+01  3.7562258E-02 -1.1624027E-02  2.0928727E+06
  6.2827066E-05 -5.4679223E+01 -5.4717582E+01  3.8359299E-02 -1.1864061E-02  2.0893664E+06
  6.4158140E-05 -5.5593625E+01 -5.5632797E+01  3.9171944E-02 -1.2108401E-02  2.0857387E+06
  6.5515276E-05 -5.6510185E+01 -5.6550185E+01  4.0000495E-02 -1.2357110E-02  2.0819864E+06
  6.6898983E-05 -5.7427988E+01 -5.7468833E+01  4.0845266E-02 -1.2610254E-02  2.0781066E+06
  6.8309781E-05 -5.8346049E+01 -5.8387756E+01  4.1706574E-02 -1.2867897E-02  2.0740961E+06
  6.9748202E-05 -5.9263304E+01 -5.9305888E+01  4.2584741E-02 -1.3130104E-02  2.0699519E+06
  7.1214786E-05 -6.0178607E+01 -6.0222087E+01  4.3480098E-02 -1.3396940E-02  2.0656709E+06
  7.2710084E-05 -6.1090730E+01 -6.1135123E+01  4.4392981E-02 -1.3668471E-02  2.0612503E+06
  7.4234658E-05 -6.1998354E+01 -6.2043678E+01  4.5323734E-02 -1.3944764E-02  2.0566871E+06
  7.5789083E-05 -6.2900067E+01 -6.2946339E+01  4.6272705E-02 -1.4225886E-02  2.0519786E+06
  7.7373941E-05 -6.3794361E+01 -6.3841601E+01  4.7240251E-02 -1.4511902E-02  2.0471220E+06
  7.8989830E-05 -6.4679630E+01 -6.4727857E+01  4.8226735E-02 -1.4802882E-02  2.0421147E+06
  8.0637356E-05 -6.5554166E+01 -6.5603399E+01  4.9232529E-02 -1.5098892E-02  2.0369542E+06
  8.2317139E-05 -6.6416161E+01 -6.6466419E+01  5.0258009E-02 -1.5400002E-02  2.0316382E+06
  8.4029810E-05 -6.7263702E+01 -6.7315006E+01  5.1303561E-02 -1.5706280E-02  2.0261644E+06
  8.5776014E-05 -6.8094780E+01 -6.8147150E+01  5.2369577E-02 -1.6017795E-02  2.0205308E+06
  8.7556407E-05 -6.8907290E+01 -6.8960747E+01  5.3456458E-02 -1.6334619E-02  2.0147357E+06
  8.9371658E-05 -6.9699041E+01 -6.9753606E+01  5.4564612E-02 -1.6656822E-02  2.0087774E+06
  9.1222451E-05 -7.0467769E+01 -7.0523464E+01  5.5694455E-02 -1.6984475E-02  2.0026546E+06
  9.3109480E-05 -7.1211153E+01 -7.1268000E+01  5.6846412E-02 -1.7317652E-02  1.9963661E+06
  9.5033455E-05 -7.1926843E+01 -7.1984864E+01  5.8020913E-02 -1.7656426E-02  1.9899112E+06
  9.6995099E-05 -7.2612486E+01 -7.2671704E+01  5.9218401E-02 -1.8000872E-02  1.9832893E+06
  9.8995151E-05 -7.3265774E+01 -7.3326214E+01  6.0439326E-02 -1.8351065E-02  1.9765004E+06
  1.0103436E-04 -7.3884493E+01 -7.3946178E+01  6.1684144E-02 -1.8707084E-02  1.9695445E+06
  1.0311350E-04 -7.4466585E+01 -7.4529539E+01  6.2953325E-02 -1.9069006E-02  1.9624222E+06
  1.0523334E-04 -7.5010223E+01 -7.5074470E+01  6.4247343E-02 -1.9436913E-02  1.9551345E+06
  1.0739469E-04 -7.5513891E+01 -7.5579457E+01  6.5566685E-02 -1.9810888E-02  1.9476827E+06
  1.0959836E-04 -7.5976471E+01 -7.6043383E+01  6.6911846E-02 -2.0191014E-02  1.9400686E+06
  1.1184517E-04 -7.6397330E+01 -7.6465613E+01  6.8283330E-02 -2.0577378E-02  1.9322943E+06
  1.1413597E-04 -7.6776391E+01 -7.6846072E+01  6.9681652E-02 -2.0970069E-02  1.9243624E+06
  1.1647162E-04 -7.7114186E+01 -7.7185293E+01  7.1107337E-02 -2.1369180E-02  1.9162759E+06
  1.1885300E-04 -7.7411879E+01 -7.7484440E+01  7.2560920E-02 -2.1774803E-02  1.9080381E+06
  1.2128101E-04 -7.7671245E+01 -7.7745288E+01  7.4042946E-02 -2.2187036E-02  1.8996529E+06
  1.2375656E-04 -7.7894609E+01 -7.7970163E+01  7.5553971E-02 -2.2605978E-02  1.8911243E+06
  1.2628057E-04 -7.8084745E+01 -7.8161840E+01  7.7094562E-02 -2.3031732E-02  1.8824567E+06
  1.2885400E-04 -7.8244747E+01 -7.8323413E+01  7.8665296E-02 -2.3464402E-02  1.8736548E+06
  1.3147782E-04 -7.8377885E+01 -7.8458152E+01  8.0266763E-02 -2.3904098E-02  1.8647234E+06
  1.3415301E-04 -7.8487461E+01 -7.8569361E+01  8.1899563E-02 -2.4350929E-02  1.8556676E+06
  1.3688058E-04 -7.8576691E+01 -7.8660255E+01  8.3564309E-02 -2.4805009E-02  1.8464926E+06
  1.3966154E-04 -7.8648599E+01 -7.8733861E+01  8.5261624E-02 -2.5266456E-02  1.8372037E+06
  1.4249696E-04 -7.8705956E+01 -7.8792948E+01  8.6992146E-02 -2.5735387E-02  1.8278061E+06
  1.4538789E-04 -7.8751234E+01 -7.8839990E+01  8.8756522E-02 -2.6211924E-02  1.8183053E+06
  1.4833543E-04 -7.8786594E+01 -7.8877150E+01  9.0555414E-02 -2.6696192E-02  1.8087066E+06
  1.5134067E-04 -7.8813895E+01 -7.8906284E+01  9.2389496E-02 -2.7188317E-02  1.7990152E+06
  1.5440475E-04 -7.8834703E+01 -7.8928963E+01  9.4259456E-02 -2.7688427E-02  1.7892364E+06
  1.5752883E-04 -7.8850326E+01 -7.8946492E+01  9.6165994E-02 -2.8196656E-02  1.7793753E+06
  1.6071407E-04 -7.8861840E+01 -7.8959950E+01  9.8109825E-02 -2.8713136E-02  1.7694368E+06
  1.6396167E-04 -7.8870121E+01 -7.8970212E+01  1.0009168E-01 -2.9238004E-02  1.7594260E+06
  1.6727286E-04 -7.8875874E+01 -7.8977986E+01  1.0211229E-01 -2.9771398E-02  1.7493475E+06
  1.7064887E-04 -7.8879663E+01 -7.8983836E+01  1.0417243E-01 -3.0313459E-02  1.7392061E+06
  1.7409099E-04 -7.8881935E+01 -7.8988208E+01  1.0627285E-01 -3.0864331E-02  1.7290063E+06
  1.7760050E-04 -7.8883040E+01 -7.8991454E+01  1.0841436E-01 -3.1424159E-02  1.7187523E+06
  1.8117872E-04 -7.8883250E+01 -7.8993848E+01  1.1059774E-01 -3.1993092E-02  1.7084485E+06
  1.8482700E-04 -7.8882778E+01 -7.8995602E+01  1.1282382E-01 -3.2571278E-02  1.6980990E+06
  1.8854671E-04 -7.8881784E+01 -7.8996877E+01  1.1509343E-01 -3.3158872E-02  1.6877076E+06
  1.9233924E-04 -7.8880391E+01 -7.8997798E+01  1.1740742E-01 -3.3756027E-02  1.6772782E+06
  1.9620603E-04 -7.8878692E+01 -7.8998459E+01  1.1976665E-01 -3.4362902E-02  1.6668145E+06
  2.0014853E-04 -7.8876757E+01 -7.8998929E+01  1.2217202E-01 -3.4979657E-02  1.6563200E+06
  2.0416822E-04 -7.8874637E+01 -7.8999261E+01  1.2462441E-01 -3.5606453E-02  1.6457981E+06
  2.0826660E-04 -7.8872370E+01 -7.8999494E+01  1.2712474E-01 -3.6243455E-02  1.6352521E+06
  2.1244523E-04 -7.8869983E+01 -7.8999657E+01  1.2967396E-01 -3.6890831E-02  1.6246850E+06
  2.1670567E-04 -7.8867496E+01 -7.8999769E+01  1.3227301E-01 -3.7548750E-02  1.6141000E+06
  2.2104953E-04 -7.8864923E+01 -7.8999845E+01  1.3492286E-01 -3.8217384E-02  1.6034999E+06
  2.2547843E-04 -7.8862273E+01 -7.8999897E+01  1.3762451E-01 -3.8896909E-02  1.5928874E+06
  2.2999405E-04 -7.8859554E+01 -7.8999933E+01  1.4037896E-01 -3.9587501E-02  1.5822652E+06
  2.3459808E-04 -7.8856769E+01 -7.8999956E+01  1.4318724E-01 -4.0289340E-02  1.5716360E+06
  2.3929225E-04 -7.8853921E+01 -7.8999972E+01  1.4605041E-01 -4.1002610E-02  1.5610020E+06
  2.4407832E-04 -7.8851012E+01 -7.8999982E+01  1.4896952E-01 -4.1727495E-02  1.5503657E+06
  2.4895810E-04 -7.8848043E+01 -7.8999988E+01  1.5194568E-01 -4.2464183E-02  1.5397293E+06
  2.5393342E-04 -7.8845013E+01 -7.8999993E+01  1.5497999E-01 -4.3212864E-02  1.5290948E+06
  2.5900615E-04 -7.8841922E+01 -7.8999995E+01  1.5807358E-01 -4.3973733E-02  1.5184644E+06
  2.6417820E-04 -7.8838770E+01 -7.8999997E+01  1.6122761E-01 -4.4746985E-02  1.5078399E+06
  2.6945151E-04 -7.8835555E+01 -7.8999998E+01  1.6444325E-01 -4.5532818E-02  1.4972232E+06
  2.7482807E-04 -7.8832277E+01 -7.8999999E+01  1.6772171E-01 -4.6331435E-02  1.4866162E+06
  2.8030989E-04 -7.8828935E+01 -7.8999999E+01  1.7106420E-01 -4.7143041E-02  1.4760203E+06
  2.8589904E-04 -7.8825528E+01 -7.9000000E+01  1.7447197E-01 -4.7967841E-02  1.4654374E+06
  2.9159762E-04 -7.8822053E+01 -7.9000000E+01  1.7794630E-01 -4.8806047E-02  1.4548688E+06
  2.9740777E-04 -7.8818511E+01 -7.9000000E+01  1.8148846E-01 -4.9657872E-02  1.4443160E+06
  3.0333167E-04 -7.8814900E+01 -7.9000000E+01  1.8509980E-01 -5.0523531E-02  1.4337804E+06
  3.0937156E-04 -7.8811218E+01 -7.9000000E+01  1.8878163E-01 -5.1403244E-02  1.4232634E+06
  3.1552970E-04 -7.8807465E+01 -7.9000000E+01  1.9253535E-01 -5.2297233E-02  1.4127660E+06
  3.2180841E-04 -7.8803638E+01 -7.9000000E+01  1.9636234E-01 -5.3205722E-02  1.4022896E+06
  3.2821004E-04 -7.8799736E+01 -7.9000000E+01  2.0026403E-01 -5.4128939E-02  1.3918351E+06
  3.3473701E-04 -7.8795758E+01 -7.9000000E+01  2.0424187E-01 -5.5067117E-02  1.3814038E+06
  3.4139178E-04 -7.8791703E+01 -7.9000000E+01  2.0829733E-01 -5.6020487E-02  1.3709964E+06
  3.4817683E-04 -7.8787568E+01 -7.9000000E+01  2.1243192E-01 -5.6989289E-02  1.3606140E+06
  3.5509472E-04 -7.8783353E+01 -7.9000000E+01  2.1664718E-01 -5.7973761E-02  1.3502575E+06
  3.6214806E-04 -7.8779055E+01 -7.9000000E+01  2.2094468E-01 -5.8974148E-02  1.3399277E+06
  3.6933949E-04 -7.8774674E+01 -7.9000000E+01  2.2532600E-01 -5.9990695E-02  1.3296253E+06
  3.7667173E-04 -7.8770207E+01 -7.9000000E+01  2.2979277E-01 -6.1023653E-02  1.3193511E+06
  3.8414751E-04 -7.8765653E+01 -7.9000000E+01  2.3434665E-01 -6.2073274E-02  1.3091058E+06
  3.9176966E-04 -7.8761011E+01 -7.9000000E+01  2.3898932E-01 -6.3139815E-02  1.2988899E+06
  3.9954104E-04 -7.8756277E+01 -7.9000000E+01  2.4372251E-01 -6.4223534E-02  1.2887042E+06
  4.0746458E-04 -7.8751452E+01 -7.9000000E+01  2.4854797E-01 -6.5324694E-02  1.2785491E+06
  4.1554324E-04 -7.8746533E+01 -7.9000000E+01  2.5346748E-01 -6.6443561E-02  1.2684252E+06
  4.2378008E-04 -7.8741517E+01 -7.9000000E+01  2.5848286E-01 -6.7580403E-02  1.2583330E+06
  4.3217817E-04 -7.8736404E+01 -7.9000000E+01  2.6359596E-01 -6.8735494E-02  1.2482728E+06
  4.4074070E-04 -7.8731191E+01 -7.9000000E+01  2.6880868E-01 -6.9909107E-02  1.2382452E+06
  4.4947086E-04 -7.8725877E+01 -7.9000000E+01  2.7412294E-01 -7.1101522E-02  1.2282504E+06
  4.5837194E-04 -7.8720459E+01 -7.9000000E+01  2.7954070E-01 -7.2313021E-02  1.2182889E+06
  4.6744730E-04 -7.8714936E+01 -7.9000000E+01  2.8506396E-01 -7.3543889E-02  1.2083609E+06
  4.7670034E-04 -7.8709305E+01 -7.9000000E+01  2.9069475E-01 -7.4794414E-02  1.1984667E+06
  4.8613453E-04 -7.8703565E+01 -7.9000000E+01  2.9643515E-01 -7.6064889E-02  1.1886066E+06
  4.9575344E-04 -7.8697713E+01 -7.9000000E+01  3.0228728E-01 -7.7355608E-02  1.1787808E+06
  5.0556066E-04 -7.8691747E+01 -7.9000000E+01  3.0825328E-01 -7.8666870E-02  1.1689896E+06
  5.1555990E-04 -7.8685665E+01 -7.9000000E+01  3.1433535E-01 -7.9998976E-02  1.1592330E+06
  5.2575490E-04 -7.8679464E+01 -7.9000000E+01  3.2053573E-01 -8.1352230E-02  1.1495113E+06
  5.3614951E-04 -7.8673143E+01 -7.9000000E+01  3.2685668E-01 -8.2726942E-02  1.1398246E+06
  5.4674763E-04 -7.8666699E+01 -7.9000000E+01  3.3330054E-01 -8.4123423E-02  1.1301730E+06
  5.5755323E-04 -7.8660130E+01 -7.9000000E+01  3.3986965E-01 -8.5541986E-02  1.1205566E+06
  5.6857040E-04 -7.8653434E+01 -7.9000000E+01  3.4656644E-01 -8.6982950E-02  1.1109755E+06
  5.7980326E-04 -7.8646607E+01 -7.9000000E+01  3.5339334E-01 -8.8446635E-02  1.1014298E+06
  5.9125605E-04 -7.8639647E+01 -7.9000000E+01  3.6035286E-01 -8.9933366E-02  1.0919194E+06
  6.0293305E-04 -7.8632552E+01 -7.9000000E+01  3.6744755E-01 -9.1443469E-02  1.0824445E+06
  6.1483868E-04 -7.8625320E+01 -7.9000000E+01  3.7467998E-01 -9.2977276E-02  1.0730050E+06
  6.2697739E-04 -7.8617947E+01 -7.9000000E+01  3.8205280E-01 -9.4535118E-02  1.0636009E+06
  6.3935376E-04 -7.8610431E+01 -7.9000000E+01  3.8956869E-01 -9.6117334E-02  1.0542323E+06
  6.5197244E-04 -7.8602770E+01 -7.9000000E+01  3.9723040E-01 -9.7724261E-02  1.0448990E+06
  6.6483816E-04 -7.8594959E+01 -7.9000000E+01  4.0504070E-01 -9.9356243E-02  1.0356011E+06
  6.7795578E-04 -7.8586998E+01 -7.9000000E+01  4.1300244E-01 -1.0101362E-01  1.0263384E+06
  6.9133021E-04 -7.8578881E+01 -7.9000000E+01  4.2111851E-01 -1.0269675E-01  1.0171110E+06
  7.0496649E-04 -7.8570608E+01 -7.9000000E+01  4.2939185E-01 -1.0440598E-01  1.0079188E+06
  7.1886974E-04 -7.8562175E+01 -7.9000000E+01  4.3782546E-01 -1.0614166E-01  9.9876160E+05
  7.3304519E-04 -7.8553578E+01 -7.9000000E+01  4.4642238E-01 -1.0790414E-01  9.8963940E+05
  7.4749817E-04 -7.8544814E+01 -7.9000000E+01  4.5518573E-01 -1.0969380E-01  9.8055208E+05
  7.6223411E-04 -7.8535881E+01 -7.9000000E+01  4.6411867E-01 -1.1151098E-01  9.7149954E+05
  7.7725855E-04 -7.8526776E+01 -7.9000000E+01  4.7322441E-01 -1.1335605E-01  9.6248167E+05
  7.9257713E-04 -7.8517494E+01 -7.9000000E+01  4.8250625E-01 -1.1522938E-01  9.5349835E+05
  8.0819563E-04 -7.8508032E+01 -7.9000000E+01  4.9196750E-01 -1.1713134E-01  9.4454946E+05
  8.2411990E-04 -7.8498388E+01 -7.9000000E+01  5.0161158E-01 -1.1906230E-01  9.3563486E+05
  8.4035593E-04 -7.8488558E+01 -7.9000000E+01  5.1144194E-01 -1.2102262E-01  9.2675442E+05
  8.5690984E-04 -7.8478538E+01 -7.9000000E+01  5.2146211E-01 -1.2301269E-01  9.1790801E+05
  8.7378783E-04 -7.8468324E+01 -7.9000000E+01  5.3167565E-01 -1.2503287E-01  9.0909548E+05
  8.9099626E-04 -7.8457914E+01 -7.9000000E+01  5.4208623E-01 -1.2708356E-01  9.0031670E+05
  9.0854159E-04 -7.8447302E+01 -7.9000000E+01  5.5269755E-01 -1.2916512E-01  8.9157152E+05
  9.2643042E-04 -7.8436487E+01 -7.9000000E+01  5.6351340E-01 -1.3127795E-01  8.8285978E+05
  9.4466947E-04 -7.8425462E+01 -7.9000000E+01  5.7453760E-01 -1.3342241E-01  8.7418135E+05
  9.6326561E-04 -7.8414226E+01 -7.9000000E+01  5.8577408E-01 -1.3559890E-01  8.6553607E+05
  9.8222581E-04 -7.8402773E+01 -7.9000000E+01  5.9722681E-01 -1.3780780E-01  8.5692379E+05
  1.0015572E-03 -7.8391100E+01 -7.9000000E+01  6.0889985E-01 -1.4004949E-01  8.4834436E+05
  1.0212671E-03 -7.8379203E+01 -7.9000000E+01  6.2079731E-01 -1.4232437E-01  8.3979764E+05
  1.0413628E-03 -7.8367077E+01 -7.9000000E+01  6.3292338E-01 -1.4463281E-01  8.3128347E+05
  1.0618520E-03 -7.8354718E+01 -7.9000000E+01  6.4528233E-01 -1.4697521E-01  8.2280170E+05
  1.0827423E-03 -7.8342122E+01 -7.9000000E+01  6.5787849E-01 -1.4935195E-01  8.1435220E+05
  1.1040415E-03 -7.8329284E+01 -7.9000000E+01  6.7071627E-01 -1.5176342E-01  8.0593481E+05
  1.1257578E-03 -7.8316200E+01 -7.9000000E+01  6.8380017E-01 -1.5421000E-01  7.9754940E+05
  1.1478992E-03 -7.8302865E+01 -7.9000000E+01  6.9713473E-01 -1.5669208E-01  7.8919583E+05
  1.1704741E-03 -7.8289275E+01 -7.9000000E+01  7.1072460E-01 -1.5921005E-01  7.8087396E+05
  1.1934909E-03 -7.8275425E+01 -7.9000000E+01  7.2457450E-01 -1.6176429E-01  7.7258366E+05
  1.2169583E-03 -7.8261311E+01 -7.9000000E+01  7.3868923E-01 -1.6435519E-01  7.6432481E+05
  1.2408852E-03 -7.8246926E+01 -7.9000000E+01  7.5307366E-01 -1.6698311E-01  7.5609729E+05
  1.2652805E-03 -7.8232267E+01 -7.9000000E+01  7.6773274E-01 -1.6964845E-01  7.4790097E+05
  1.2901534E-03 -7.8217328E+01 -7.9000000E+01  7.8267152E-01 -1.7235158E-01  7.3973574E+05
  1.3155132E-03 -7.8202105E+01 -7.9000000E+01  7.9789513E-01 -1.7509287E-01  7.3160151E+05
  1.3413695E-03 -7.8186591E+01 -7.9000000E+01  8.1340876E-01 -1.7787270E-01  7.2349816E+05
  1.3677320E-03 -7.8170782E+01 -7.9000000E+01  8.2921770E-01 -1.8069143E-01  7.1542561E+05
  1.3946106E-03 -7.8154673E+01 -7.9000000E+01  8.4532735E-01 -1.8354943E-01  7.0738376E+05
  1.4220154E-03 -7.8138257E+01 -7.9000000E+01  8.6174315E-01 -1.8644706E-01  6.9937254E+05
  1.4499567E-03 -7.8121529E+01 -7.9000000E+01  8.7847065E-01 -1.8938468E-01  6.9139187E+05
  1.4784450E-03 -7.8104484E+01 -7.9000000E+01  8.9551551E-01 -1.9236264E-01  6.8344169E+05
  1.5074910E-03 -7.8087117E+01 -7.9000000E+01  9.1288344E-01 -1.9538128E-01  6.7552194E+05
  1.5371057E-03 -7.8069420E+01 -7.9000000E+01  9.3058027E-01 -1.9844095E-01  6.6763258E+05
  1.5673001E-03 -7.8051388E+01 -7.9000000E+01  9.4861190E-01 -2.0154198E-01  6.5977356E+05
  1.5980856E-03 -7.8033016E+01 -7.9000000E+01  9.6698433E-01 -2.0468470E-01  6.5194485E+05
  1.6294738E-03 -7.8014296E+01 -7.9000000E+01  9.8570366E-01 -2.0786944E-01  6.4414643E+05
  1.6614765E-03 -7.7995224E+01 -7.9000000E+01  1.0047761E+00 -2.1109650E-01  6.3637829E+05
  1.6941057E-03 -7.7975792E+01 -7.9000000E+01  1.0242078E+00 -2.1436621E-01  6.2864042E+05
  1.7273736E-03 -7.7955995E+01 -7.9000000E+01  1.0440054E+00 -2.1767884E-01  6.2093285E+05
  1.7612929E-03 -7.7935825E+01 -7.9000000E+01  1.0641751E+00 -2.2103470E-01  6.1325558E+05
  1.7958761E-03 -7.7915276E+01 -7.9000000E+01  1.0847236E+00 -2.2443407E-01  6.0560865E+05
  1.8311364E-03 -7.7894342E+01 -7.9000000E+01  1.1056575E+00 -2.2787721E-01  5.9799210E+05
  1.8670869E-03 -7.7873016E+01 -7.9000000E+01  1.1269836E+00 -2.3136438E-01  5.9040598E+05
  1.9037412E-03 -7.7851291E+01 -7.9000000E+01  1.1487088E+00 -2.3489584E-01  5.8285036E+05
  1.9411131E-03 -7.7829160E+01 -7.9000000E+01  1.1708400E+00 -2.3847181E-01  5.7532532E+05
  1.9792165E-03 -7.7806616E+01 -7.9000000E+01  1.1933843E+00 -2.4209253E-01  5.6783095E+05
  2.0180659E-03 -7.7783651E+01 -7.9000000E+01  1.2163488E+00 -2.4575820E-01  5.6036735E+05
  2.0576758E-03 -7.7760259E+01 -7.9000000E+01  1.2397407E+00 -2.4946901E-01  5.5293463E+05
  2.0980611E-03 -7.7736433E+01 -7.9000000E+01  1.2635675E+00 -2.5322516E-01  5.4553293E+05
  2.1392370E-03 -7.7712163E+01 -7.9000000E+01  1.2878366E+00 -2.5702680E-01  5.3816239E+05
  2.1812190E-03 -7.7687445E+01 -7.9000000E+01  1.3125555E+00 -2.6087409E-01  5.3082317E+05
  2.2240228E-03 -7.7662268E+01 -7.9000000E+01  1.3377318E+00 -2.6476716E-01  5.2351543E+05
  2.2676645E-03 -7.7636627E+01 -7.9000000E+01  1.3633735E+00 -2.6870612E-01  5.1623937E+05
  2.3121605E-03 -7.7610512E+01 -7.9000000E+01  1.3894882E+00 -2.7269107E-01  5.0899518E+05
  2.3575275E-03 -7.7583916E+01 -7.9000000E+01  1.4160840E+00 -2.7672209E-01  5.0178308E+05
  2.4037827E-03 -7.7556831E+01 -7.9000000E+01  1.4431690E+00 -2.8079924E-01  4.9460330E+05
  2.4509433E-03 -7.7529249E+01 -7.9000000E+01  1.4707512E+00 -2.8492254E-01  4.8745608E+05
  2.4990271E-03 -7.7501161E+01 -7.9000000E+01  1.4988390E+00 -2.8909202E-01  4.8034169E+05
  2.5480521E-03 -7.7472559E+01 -7.9000000E+01  1.5274407E+00 -2.9330767E-01  4.7326039E+05
  2.5980369E-03 -7.7443435E+01 -7.9000000E+01  1.5565648E+00 -2.9756944E-01  4.6621249E+05
  2.6490001E-03 -7.7413780E+01 -7.9000000E+01  1.5862198E+00 -3.0187729E-01  4.5919829E+05
  2.7009609E-03 -7.7383586E+01 -7.9000000E+01  1.6164145E+00 -3.0623113E-01  4.5221811E+05
  2.7539389E-03 -7.7352842E+01 -7.9000000E+01  1.6471575E+00 -3.1063084E-01  4.4527229E+05
  2.8079538E-03 -7.7321542E+01 -7.9000000E+01  1.6784579E+00 -3.1507629E-01  4.3836120E+05
  2.8630262E-03 -7.7289676E+01 -7.9000000E+01  1.7103245E+00 -3.1956730E-01  4.3148519E+05
  2.9191765E-03 -7.7257234E+01 -7.9000000E+01  1.7427664E+00 -3.2410369E-01  4.2464467E+05
  2.9764260E-03 -7.7224207E+01 -7.9000000E+01  1.7757927E+00 -3.2868521E-01  4.1784004E+05
  3.0347962E-03 -7.7190587E+01 -7.9000000E+01  1.8094128E+00 -3.3331161E-01  4.1107172E+05
  3.0943089E-03 -7.7156364E+01 -7.9000000E+01  1.8436360E+00 -3.3798259E-01  4.0434014E+05
  3.1549865E-03 -7.7121528E+01 -7.9000000E+01  1.8784718E+00 -3.4269782E-01  3.9764577E+05
  3.2168518E-03 -7.7086070E+01 -7.9000000E+01  1.9139297E+00 -3.4745694E-01  3.9098907E+05
  3.2799282E-03 -7.7049981E+01 -7.9000000E+01  1.9500194E+00 -3.5225953E-01  3.8437054E+05
  3.3442392E-03 -7.7013249E+01 -7.9000000E+01  1.9867507E+00 -3.5710516E-01  3.7779068E+05
  3.4098090E-03 -7.6975867E+01 -7.9000000E+01  2.0241333E+00 -3.6199335E-01  3.7125001E+05
  3.4766623E-03 -7.6937823E+01 -7.9000000E+01  2.0621772E+00 -3.6692358E-01  3.6474906E+05
  3.5448241E-03 -7.6899108E+01 -7.9000000E+01  2.1008924E+00 -3.7189528E-01  3.5828840E+05
  3.6143202E-03 -7.6859711E+01 -7.9000000E+01  2.1402892E+00 -3.7690785E-01  3.5186860E+05
  3.6851765E-03 -7.6819622E+01 -7.9000000E+01  2.1803776E+00 -3.8196063E-01  3.4549023E+05
  3.7574198E-03 -7.6778832E+01 -7.9000000E+01  2.2211679E+00 -3.8705294E-01  3.3915389E+05
  3.8310771E-03 -7.6737329E+01 -7.9000000E+01  2.2626707E+00 -3.9218403E-01  3.3286022E+05
  3.9061761E-03 -7.6695104E+01 -7.9000000E+01  2.3048962E+00 -3.9735312E-01  3.2660983E+05
  3.9827451E-03 -7.6652145E+01 -7.9000000E+01  2.3478552E+00 -4.0255935E-01  3.2040337E+05
  4.0608128E-03 -7.6608442E+01 -7.9000000E+01  2.3915582E+00 -4.0780186E-01  3.1424150E+05
  4.1404084E-03 -7.6563984E+01 -7.9000000E+01  2.4360160E+00 -4.1307968E-01  3.0812490E+05
  4.2215620E-03 -7.6518761E+01 -7.9000000E+01  2.4812394E+00 -4.1839185E-01  3.0205426E+05
  4.3043040E-03 -7.6472761E+01 -7.9000000E+01  2.5272393E+00 -4.2373730E-01  2.9603026E+05
  4.3886655E-03 -7.6425973E+01 -7.9000000E+01  2.5740267E+00 -4.2911494E-01  2.9005364E+05
  4.4746781E-03 -7.6378387E+01 -7.9000000E+01  2.6216126E+00 -4.3452362E-01  2.8412511E+05
  4.5623742E-03 -7.6329992E+01 -7.9000000E+01  2.6700083E+00 -4.3996213E-01  2.7824541E+05
  4.6517867E-03 -7.6280775E+01 -7.9000000E+01  2.7192248E+00 -4.4542919E-01  2.7241529E+05
  4.7429492E-03 -7.6230727E+01 -7.9000000E+01  2.7692735E+00 -4.5092348E-01  2.6663550E+05
  4.8358960E-03 -7.6179834E+01 -7.9000000E+01  2.8201658E+00 -4.5644362E-01  2.6090681E+05
  4.9306619E-03 -7.6128087E+01 -7.9000000E+01  2.8719131E+00 -4.6198816E-01  2.5523000E+05
  5.0272825E-03 -7.6075473E+01 -7.9000000E+01  2.9245270E+00 -4.6755559E-01  2.4960584E+05
  5.1257941E-03 -7.6021981E+01 -7.9000000E+01  2.9780191E+00 -4.7314435E-01  2.4403514E+05
  5.2262337E-03 -7.5967599E+01 -7.9000000E+01  3.0324011E+00 -4.7875282E-01  2.3851868E+05
  5.3286391E-03 -7.5912315E+01 -7.9000000E+01  3.0876847E+00 -4.8437929E-01  2.3305726E+05
  5.4330486E-03 -7.5856118E+01 -7.9000000E+01  3.1438818E+00 -4.9002203E-01  2.2765170E+05
  5.5395015E-03 -7.5798996E+01 -7.9000000E+01  3.2010042E+00 -4.9567922E-01  2.2230280E+05
  5.6480378E-03 -7.5740936E+01 -7.9000000E+01  3.2590641E+00 -5.0134899E-01  2.1701136E+05
  5.7586982E-03 -7.5681927E+01 -7.9000000E+01  3.3180734E+00 -5.0702939E-01  2.1177821E+05
  5.8715243E-03 -7.5621956E+01 -7.9000000E+01  3.3780444E+00 -5.1271844E-01  2.0660416E+05
  5.9865584E-03 -7.5561011E+01 -7.9000000E+01  3.4389892E+00 -5.1841407E-01  2.0149000E+05
  6.1038438E-03 -7.5499080E+01 -7.9000000E+01  3.5009202E+00 -5.2411417E-01  1.9643656E+05
  6.2234244E-03 -7.5436150E+01 -7.9000000E+01  3.5638499E+00 -5.2981657E-01  1.9144463E+05
  6.3453452E-03 -7.5372209E+01 -7.9000000E+01  3.6277906E+00 -5.3551902E-01  1.8651501E+05
  6.4696519E-03 -7.5307245E+01 -7.9000000E+01  3.6927550E+00 -5.4121925E-01  1.8164849E+05
  6.5963912E-03 -7.5241244E+01 -7.9000000E+01  3.7587559E+00 -5.4691490E-01  1.7684586E+05
  6.7256107E-03 -7.5174194E+01 -7.9000000E+01  3.8258059E+00 -5.5260359E-01  1.7210788E+05
  6.8573589E-03 -7.5106082E+01 -7.9000000E+01  3.8939179E+00 -5.5828287E-01  1.6743533E+05
  6.9916852E-03 -7.5036895E+01 -7.9000000E+01  3.9631050E+00 -5.6395025E-01  1.6282895E+05
  7.1286401E-03 -7.4966620E+01 -7.9000000E+01  4.0333803E+00 -5.6960319E-01  1.5828946E+05
  7.2682750E-03 -7.4895243E+01 -7.9000000E+01  4.1047569E+00 -5.7523913E-01  1.5381761E+05
  7.4106423E-03 -7.4822752E+01 -7.9000000E+01  4.1772482E+00 -5.8085546E-01  1.4941408E+05
  7.5557954E-03 -7.4749132E+01 -7.9000000E+01  4.2508677E+00 -5.8644953E-01  1.4507955E+05
  7.7037888E-03 -7.4674371E+01 -7.9000000E+01  4.3256290E+00 -5.9201868E-01  1.4081469E+05
  7.8546781E-03 -7.4598454E+01 -7.9000000E+01  4.4015458E+00 -5.9756024E-01  1.3662014E+05
  8.0085199E-03 -7.4521368E+01 -7.9000000E+01  4.4786320E+00 -6.0307149E-01  1.3249651E+05
  8.1653719E-03 -7.4443098E+01 -7.9000000E+01  4.5569017E+00 -6.0854973E-01  1.2844439E+05
  8.3252930E-03 -7.4363631E+01 -7.9000000E+01  4.6363691E+00 -6.1399225E-01  1.2446434E+05
  8.4883432E-03 -7.4282951E+01 -7.9000000E+01  4.7170485E+00 -6.1939637E-01  1.2055689E+05
  8.6545837E-03 -7.4201045E+01 -7.9000000E+01  4.7989546E+00 -6.2475940E-01  1.1672253E+05
  8.8240768E-03 -7.4117898E+01 -7.9000000E+01  4.8821021E+00 -6.3007868E-01  1.1296174E+05
  8.9968862E-03 -7.4033494E+01 -7.9000000E+01  4.9665060E+00 -6.3535161E-01  1.0927493E+05
  9.1730768E-03 -7.3947818E+01 -7.9000000E+01  5.0521816E+00 -6.4057561E-01  1.0566252E+05
  9.3527145E-03 -7.3860856E+01 -7.9000000E+01  5.1391441E+00 -6.4574819E-01  1.0212484E+05
  9.5358668E-03 -7.3772591E+01 -7.9000000E+01  5.2274094E+00 -6.5086691E-01  9.8662221E+04
  9.7226025E-03 -7.3683007E+01 -7.9000000E+01  5.3169932E+00 -6.5592944E-01  9.5274925E+04
  9.9129916E-03 -7.3592088E+01 -7.9000000E+01  5.4079119E+00 -6.6093354E-01  9.1963185E+04
  1.0107105E-02 -7.3499818E+01 -7.9000000E+01  5.5001818E+00 -6.6587709E-01  8.8727181E+04
  1.0305017E-02 -7.3406180E+01 -7.9000000E+01  5.5938197E+00 -6.7075813E-01  8.5567051E+04
  1.0506800E-02 -7.3311157E+01 -7.9000000E+01  5.6888428E+00 -6.7557484E-01  8.2482882E+04
  1.0712531E-02 -7.3214732E+01 -7.9000000E+01  5.7852683E+00 -6.8032557E-01  7.9474710E+04
  1.0922287E-02 -7.3116886E+01 -7.9000000E+01  5.8831140E+00 -6.8500889E-01  7.6542523E+04
  1.1136145E-02 -7.3017602E+01 -7.9000000E+01  5.9823981E+00 -6.8962358E-01  7.3686253E+04
  1.1354188E-02 -7.2916861E+01 -7.9000000E+01  6.0831388E+00 -6.9416867E-01  7.0905779E+04
  1.1576496E-02 -7.2814645E+01 -7.9000000E+01  6.1853551E+00 -6.9864345E-01  6.8200927E+04
  1.1803152E-02 -7.2710934E+01 -7.9000000E+01  6.2890662E+00 -7.0304753E-01  6.5571465E+04
  1.2034242E-02 -7.2605708E+01 -7.9000000E+01  6.3942916E+00 -7.0738082E-01  6.3017102E+04
  1.2269853E-02 -7.2498949E+01 -7.9000000E+01  6.5010514E+00 -7.1164361E-01  6.0537493E+04
  1.2510072E-02 -7.2390634E+01 -7.9000000E+01  6.6093662E+00 -7.1583654E-01  5.8132232E+04
  1.2754990E-02 -7.2280743E+01 -7.9000000E+01  6.7192566E+00 -7.1996070E-01  5.5800854E+04
  1.3004698E-02 -7.2169256E+01 -7.9000000E+01  6.8307443E+00 -7.2401760E-01  5.3542834E+04
  1.3259291E-02 -7.2056149E+01 -7.9000000E+01  6.9438509E+00 -7.2800925E-01  5.1357587E+04
  1.3518863E-02 -7.1941401E+01 -7.9000000E+01  7.0585988E+00 -7.3193815E-01  4.9244469E+04
  1.3783512E-02 -7.1824989E+01 -7.9000000E+01  7.1750107E+00 -7.3580736E-01  4.7202774E+04
  1.4053338E-02 -7.1706890E+01 -7.9000000E+01  7.2931100E+00 -7.3962053E-01  4.5231737E+04
  1.4328440E-02 -7.1587080E+01 -7.9000000E+01  7.4129204E+00 -7.4338188E-01  4.3330532E+04
  1.4608923E-02 -7.1465534E+01 -7.9000000E+01  7.5344661E+00 -7.4709631E-01  4.1498274E+04
  1.4894891E-02 -7.1342228E+01 -7.9000000E+01  7.6577719E+00 -7.5076937E-01  3.9734019E+04
  1.5186452E-02 -7.1217137E+01 -7.9000000E+01  7.7828630E+00 -7.5440732E-01  3.8036767E+04
  1.5483714E-02 -7.1090235E+01 -7.9000000E+01  7.9097652E+00 -7.5801714E-01  3.6405458E+04
  1.5786790E-02 -7.0961495E+01 -7.9000000E+01  8.0385047E+00 -7.6160655E-01  3.4838977E+04
  1.6095792E-02 -7.0830892E+01 -7.9000000E+01  8.1691082E+00 -7.6518404E-01  3.3336154E+04
  1.6410837E-02 -7.0698397E+01 -7.9000000E+01  8.3016028E+00 -7.6875887E-01  3.1895769E+04
  1.6732042E-02 -7.0563984E+01 -7.9000000E+01  8.4360162E+00 -7.7234108E-01  3.0516547E+04
  1.7059528E-02 -7.0427624E+01 -7.9000000E+01  8.5723764E+00 -7.7594148E-01  2.9197166E+04
  1.7393418E-02 -7.0289288E+01 -7.9000000E+01  8.7107118E+00 -7.7957165E-01  2.7936254E+04
  1.7733836E-02 -7.0148949E+01 -7.9000000E+01  8.8510513E+00 -7.8324393E-01  2.6732398E+04
  1.8080910E-02 -7.0006576E+01 -7.9000000E+01  8.9934241E+00 -7.8697136E-01  2.5584138E+04
  1.8434770E-02 -6.9862140E+01 -7.9000000E+01  9.1378596E+00 -7.9076766E-01  2.4489978E+04
  1.8795548E-02 -6.9715612E+01 -7.9000000E+01  9.2843877E+00 -7.9464716E-01  2.3448382E+04
  1.9163380E-02 -6.9566962E+01 -7.9000000E+01  9.4330384E+00 -7.9862477E-01  2.2457782E+04
  1.9538402E-02 -6.9416158E+01 -7.9000000E+01  9.5838420E+00 -8.0271585E-01  2.1516578E+04
  1.9920757E-02 -6.9263171E+01 -7.9000000E+01  9.7368287E+00 -8.0693613E-01  2.0623142E+04
  2.0310586E-02 -6.9107971E+01 -7.9000000E+01  9.8920293E+00 -8.1130162E-01  1.9775821E+04
  2.0708035E-02 -6.8950526E+01 -7.9000000E+01  1.0049474E+01 -8.1582846E-01  1.8972943E+04
  2.1113254E-02 -6.8790806E+01 -7.9000000E+01  1.0209194E+01 -8.2053279E-01  1.8212817E+04
  2.1526394E-02 -6.8628782E+01 -7.9000000E+01  1.0371218E+01 -8.2543062E-01  1.7493742E+04
  2.1947609E-02 -6.8464421E+01 -7.9000000E+01  1.0535579E+01 -8.3053763E-01  1.6814003E+04
  2.2377057E-02 -6.8297696E+01 -7.9000000E+01  1.0702304E+01 -8.3586902E-01  1.6171884E+04
  2.2814899E-02 -6.8128575E+01 -7.9000000E+01  1.0871425E+01 -8.4143934E-01  1.5565663E+04
  2.3261298E-02 -6.7957029E+01 -7.9000000E+01  1.1042971E+01 -8.4726229E-01  1.4993624E+04
  2.3716422E-02 -6.7783030E+01 -7.9000000E+01  1.1216970E+01 -8.5335056E-01  1.4454057E+04
  2.4180440E-02 -6.7606549E+01 -7.9000000E+01  1.1393451E+01 -8.5971563E-01  1.3945262E+04
  2.4653527E-02 -6.7427558E+01 -7.9000000E+01  1.1572442E+01 -8.6636758E-01  1.3465555E+04
  2.5135858E-02 -6.7246031E+01 -7.9000000E+01  1.1753969E+01 -8.7331499E-01  1.3013270E+04
  2.5627615E-02 -6.7061941E+01 -7.9000000E+01  1.1938059E+01 -8.8056471E-01  1.2586764E+04
  2.6128980E-02 -6.6875263E+01 -7.9000000E+01  1.2124737E+01 -8.8812176E-01  1.2184424E+04
  2.6640143E-02 -6.6685972E+01 -7.9000000E+01  1.2314028E+01 -8.9598924E-01  1.1804663E+04
  2.7161292E-02 -6.6494047E+01 -7.9000000E+01  1.2505953E+01 -9.0416818E-01  1.1445933E+04
  2.7692624E-02 -6.6299463E+01 -7.9000000E+01  1.2700537E+01 -9.1265748E-01  1.1106723E+04
  2.8234337E-02 -6.6102202E+01 -7.9000000E+01  1.2897798E+01 -9.2145389E-01  1.0785565E+04
  2.8786633E-02 -6.5902243E+01 -7.9000000E+01  1.3097757E+01 -9.3055196E-01  1.0481034E+04
  2.9349718E-02 -6.5699568E+01 -7.9000000E+01  1.3300432E+01 -9.3994404E-01  1.0191757E+04
  2.9923803E-02 -6.5494161E+01 -7.9000000E+01  1.3505839E+01 -9.4962032E-01  9.9164103E+03
  3.0509102E-02 -6.5286007E+01 -7.9000000E+01  1.3713993E+01 -9.5956883E-01  9.6537263E+03
  3.1105833E-02 -6.5075092E+01 -7.9000000E+01  1.3924908E+01 -9.6977558E-01  9.4024937E+03
  3.1714220E-02 -6.4861405E+01 -7.9000000E+01  1.4138595E+01 -9.8022457E-01  9.1615611E+03
  3.2334490E-02 -6.4644936E+01 -7.9000000E+01  1.4355064E+01 -9.9089795E-01  8.9298384E+03
  3.2966873E-02 -6.4425676E+01 -7.9000000E+01  1.4574324E+01 -1.0017761E+00  8.7062991E+03
  3.3611607E-02 -6.4203620E+01 -7.9000000E+01  1.4796380E+01 -1.0128378E+00  8.4899814E+03
  3.4268930E-02 -6.3978761E+01 -7.9000000E+01  1.5021239E+01 -1.0240603E+00  8.2799897E+03
  3.4939090E-02 -6.3751097E+01 -7.9000000E+01  1.5248903E+01 -1.0354196E+00  8.0754952E+03
  3.5622336E-02 -6.3520628E+01 -7.9000000E+01  1.5479372E+01 -1.0468903E+00  7.8757369E+03
  3.6318921E-02 -6.3287352E+01 -7.9000000E+01  1.5712648E+01 -1.0584462E+00  7.6800213E+03
  3.7029108E-02 -6.3051273E+01 -7.9000000E+01  1.5948727E+01 -1.0700602E+00  7.4877229E+03
  3.7753159E-02 -6.2812394E+01 -7.9000000E+01  1.6187606E+01 -1.0817044E+00  7.2982834E+03
  3.8491345E-02 -6.2570720E+01 -7.9000000E+01  1.6429280E+01 -1.0933503E+00  7.1112113E+03
  3.9243941E-02 -6.2326258E+01 -7.9000000E+01  1.6673742E+01 -1.1049692E+00  6.9260803E+03
  4.0011228E-02 -6.2079016E+01 -7.9000000E+01  1.6920984E+01 -1.1165321E+00  6.7425288E+03
  4.0793491E-02 -6.1829002E+01 -7.9000000E+01  1.7170998E+01 -1.1280098E+00  6.5602573E+03
  4.1591022E-02 -6.1576227E+01 -7.9000000E+01  1.7423773E+01 -1.1393735E+00  6.3790269E+03
  4.2404117E-02 -6.1320702E+01 -7.9000000E+01  1.7679298E+01 -1.1505945E+00  6.1986571E+03
  4.3233081E-02 -6.1062438E+01 -7.9000000E+01  1.7937562E+01 -1.1616445E+00  6.0190229E+03
  4.4078220E-02 -6.0801447E+01 -7.9000000E+01  1.8198553E+01 -1.1724959E+00  5.8400523E+03
  4.4939850E-02 -6.0537742E+01 -7.9000000E+01  1.8462258E+01 -1.1831220E+00  5.6617230E+03
  4.5818291E-02 -6.0271335E+01 -7.9000000E+01  1.8728665E+01 -1.1934970E+00  5.4840591E+03
  4.6713871E-02 -6.0002239E+01 -7.9000000E+01  1.8997761E+01 -1.2035961E+00  5.3071279E+03
  4.7626922E-02 -5.9730465E+01 -7.9000000E+01  1.9269535E+01 -1.2133961E+00  5.1310357E+03
  4.8557784E-02 -5.9456025E+01 -7.9000000E+01  1.9543975E+01 -1.2228752E+00  4.9559248E+03
  4.9506803E-02 -5.9178928E+01 -7.9000000E+01  1.9821072E+01 -1.2320136E+00  4.7819684E+03
  5.0474332E-02 -5.8899185E+01 -7.9000000E+01  2.0100815E+01 -1.2407932E+00  4.6093676E+03
  5.1460731E-02 -5.8616804E+01 -7.9000000E+01  2.0383196E+01 -1.2491984E+00  4.4383467E+03
  5.2466366E-02 -5.8331790E+01 -7.9000000E+01  2.0668210E+01 -1.2572158E+00  4.2691493E+03
  5.3491610E-02 -5.8044148E+01 -7.9000000E+01  2.0955852E+01 -1.2648348E+00  4.1020339E+03
  5.4536845E-02 -5.7753880E+01 -7.9000000E+01  2.1246120E+01 -1.2720479E+00  3.9372698E+03
  5.5602458E-02 -5.7460988E+01 -7.9000000E+01  2.1539012E+01 -1.2788506E+00  3.7751332E+03
  5.6688846E-02 -5.7165469E+01 -7.9000000E+01  2.1834531E+01 -1.2852421E+00  3.6159032E+03
  5.7796411E-02 -5.6867318E+01 -7.9000000E+01  2.2132682E+01 -1.2912252E+00  3.4598574E+03
  5.8925565E-02 -5.6566528E+01 -7.9000000E+01  2.2433472E+01 -1.2968069E+00  3.3072689E+03
  6.0076725E-02 -5.6263090E+01 -7.9000000E+01  2.2736910E+01 -1.3019984E+00  3.1584022E+03
  6.1250320E-02 -5.5956991E+01 -7.9000000E+01  2.3043009E+01 -1.3068156E+00  3.0135100E+03
  6.2446785E-02 -5.5648214E+01 -7.9000000E+01  2.3351786E+01 -1.3112790E+00  2.8728301E+03
  6.3666562E-02 -5.5336744E+01 -7.9000000E+01  2.3663256E+01 -1.3154145E+00  2.7365824E+03
  6.4910104E-02 -5.5022558E+01 -7.9000000E+01  2.3977442E+01 -1.3192529E+00  2.6049665E+03
  6.6177871E-02 -5.4705633E+01 -7.9000000E+01  2.4294367E+01 -1.3228306E+00  2.4781591E+03
  6.7470334E-02 -5.4385944E+01 -7.9000000E+01  2.4614056E+01 -1.3261893E+00  2.3563123E+03
  6.8787970E-02 -5.4063463E+01 -7.9000000E+01  2.4936537E+01 -1.3293762E+00  2.2395517E+03
  7.0131267E-02 -5.3738162E+01 -7.9000000E+01  2.5261838E+01 -1.3324438E+00  2.1279750E+03
  7.1500722E-02 -5.3410009E+01 -7.9000000E+01  2.5589991E+01 -1.3354498E+00  2.0216515E+03
  7.2896843E-02 -5.3078974E+01 -7.9000000E+01  2.5921026E+01 -1.3384566E+00  1.9206206E+03
  7.4320144E-02 -5.2745023E+01 -7.9000000E+01  2.6254977E+01 -1.3415309E+00  1.8248924E+03
  7.5771153E-02 -5.2408125E+01 -7.9000000E+01  2.6591875E+01 -1.3447430E+00  1.7344471E+03
  7.7250405E-02 -5.2068249E+01 -7.9000000E+01  2.6931751E+01 -1.3481661E+00  1.6492359E+03
  7.8758447E-02 -5.1725364E+01 -7.9000000E+01  2.7274636E+01 -1.3518750E+00  1.5691810E+03
  8.0295836E-02 -5.1379442E+01 -7.9000000E+01  2.7620558E+01 -1.3559452E+00  1.4941774E+03
  8.1863139E-02 -5.1030457E+01 -7.9000000E+01  2.7969543E+01 -1.3604513E+00  1.4240940E+03
  8.3460935E-02 -5.0678387E+01 -7.9000000E+01  2.8321613E+01 -1.3654657E+00  1.3587748E+03
  8.5089813E-02 -5.0323213E+01 -7.9000000E+01  2.8676787E+01 -1.3710569E+00  1.2980415E+03
  8.6750374E-02 -4.9964922E+01 -7.9000000E+01  2.9035078E+01 -1.3772878E+00  1.2416948E+03
  8.8443230E-02 -4.9603505E+01 -7.9000000E+01  2.9396495E+01 -1.3842141E+00  1.1895175E+03
  9.0169004E-02 -4.9238961E+01 -7.9000000E+01  2.9761039E+01 -1.3918826E+00  1.1412763E+03
  9.1928333E-02 -4.8871293E+01 -7.9000000E+01  3.0128707E+01 -1.4003298E+00  1.0967249E+03
  9.3721864E-02 -4.8500514E+01 -7.9000000E+01  3.0499486E+01 -1.4095808E+00  1.0556064E+03
  9.5550257E-02 -4.8126645E+01 -7.9000000E+01  3.0873355E+01 -1.4196478E+00  1.0176563E+03
  9.7414185E-02 -4.7749716E+01 -7.9000000E+01  3.1250284E+01 -1.4305298E+00  9.8260509E+02
  9.9314333E-02 -4.7369763E+01 -7.9000000E+01  3.1630237E+01 -1.4422121E+00  9.5018132E+02
  1.0125140E-01 -4.6986836E+01 -7.9000000E+01  3.2013164E+01 -1.4546661E+00  9.2011419E+02
  1.0322610E-01 -4.6600991E+01 -7.9000000E+01  3.2399009E+01 -1.4678499E+00  8.9213633E+02
  1.0523915E-01 -4.6212298E+01 -7.9000000E+01  3.2787702E+01 -1.4817084E+00  8.6598639E+02
  1.0729130E-01 -4.5820833E+01 -7.9000000E+01  3.3179167E+01 -1.4961749E+00  8.4141145E+02
  1.0938329E-01 -4.5426684E+01 -7.9000000E+01  3.3573316E+01 -1.5111716E+00  8.1816934E+02
  1.1151590E-01 -4.5029950E+01 -7.9000000E+01  3.3970050E+01 -1.5266112E+00  7.9603073E+02
  1.1368990E-01 -4.4630736E+01 -7.9000000E+01  3.4369264E+01 -1.5423985E+00  7.7478098E+02
  1.1590610E-01 -4.4229160E+01 -7.9000000E+01  3.4770840E+01 -1.5584315E+00  7.5422178E+02
  1.1816530E-01 -4.3825344E+01 -7.9000000E+01  3.5174656E+01 -1.5746030E+00  7.3417253E+02
  1.2046834E-01 -4.3419421E+01 -7.9000000E+01  3.5580579E+01 -1.5908025E+00  7.1447142E+02
  1.2281604E-01 -4.3011528E+01 -7.9000000E+01  3.5988472E+01 -1.6069171E+00  6.9497624E+02
  1.2520928E-01 -4.2601809E+01 -7.9000000E+01  3.6398191E+01 -1.6228334E+00  6.7556495E+02
  1.2764892E-01 -4.2190411E+01 -7.9000000E+01  3.6809589E+01 -1.6384385E+00  6.5613591E+02
  1.3013587E-01 -4.1777484E+01 -7.9000000E+01  3.7222516E+01 -1.6536213E+00  6.3660785E+02
  1.3267101E-01 -4.1363180E+01 -7.9000000E+01  3.7636820E+01 -1.6682736E+00  6.1691954E+02
  1.3525529E-01 -4.0947649E+01 -7.9000000E+01  3.8052351E+01 -1.6822912E+00  5.9702928E+02
  1.3788963E-01 -4.0531041E+01 -7.9000000E+01  3.8468959E+01 -1.6955751E+00  5.7691401E+02
  1.4057501E-01 -4.0113502E+01 -7.9000000E+01  3.8886498E+01 -1.7080321E+00  5.5656835E+02
  1.4331240E-01 -3.9695171E+01 -7.9000000E+01  3.9304829E+01 -1.7195757E+00  5.3600327E+02
  1.4610280E-01 -3.9276184E+01 -7.9000000E+01  3.9723816E+01 -1.7301275E+00  5.1524473E+02
  1.4894721E-01 -3.8856664E+01 -7.9000000E+01  4.0143336E+01 -1.7396172E+00  4.9433207E+02
  1.5184668E-01 -3.8436728E+01 -7.9000000E+01  4.0563272E+01 -1.7479842E+00  4.7331632E+02
  1.5480225E-01 -3.8016478E+01 -7.9000000E+01  4.0983522E+01 -1.7551781E+00  4.5225837E+02
  1.5781501E-01 -3.7596005E+01 -7.9000000E+01  4.1403995E+01 -1.7611597E+00  4.3122718E+02
  1.6088604E-01 -3.7175387E+01 -7.9000000E+01  4.1824613E+01 -1.7659015E+00  4.1029783E+02
  1.6401645E-01 -3.6754685E+01 -7.9000000E+01  4.2245315E+01 -1.7693893E+00  3.8954967E+02
  1.6720738E-01 -3.6333945E+01 -7.9000000E+01  4.2666055E+01 -1.7716227E+00  3.6906444E+02
  1.7045999E-01 -3.5913198E+01 -7.9000000E+01  4.3086802E+01 -1.7726160E+00  3.4892452E+02
  1.7377544E-01 -3.5492457E+01 -7.9000000E+01  4.3507543E+01 -1.7723996E+00  3.2921115E+02
  1.7715495E-01 -3.5071718E+01 -7.9000000E+01  4.3928282E+01 -1.7710205E+00  3.1000291E+02
  1.8059972E-01 -3.4650964E+01 -7.9000000E+01  4.4349036E+01 -1.7685438E+00  2.9137419E+02
  1.8411100E-01 -3.4230160E+01 -7.9000000E+01  4.4769840E+01 -1.7650530E+00  2.7339392E+02
  1.8769007E-01 -3.3809258E+01 -7.9000000E+01  4.5190742E+01 -1.7606513E+00  2.5612443E+02
  1.9133820E-01 -3.3388196E+01 -7.9000000E+01  4.5611804E+01 -1.7554617E+00  2.3962044E+02
  1.9505671E-01 -3.2966901E+01 -7.9000000E+01  4.6033099E+01 -1.7496276E+00  2.2392832E+02
  1.9884693E-01 -3.2545291E+01 -7.9000000E+01  4.6454709E+01 -1.7433126E+00  2.0908551E+02
  2.0271024E-01 -3.2123274E+01 -7.9000000E+01  4.6876726E+01 -1.7366997E+00  1.9512010E+02
  2.0664801E-01 -3.1700757E+01 -7.9000000E+01  4.7299243E+01 -1.7299905E+00  1.8205067E+02
  2.1066166E-01 -3.1277643E+01 -7.9000000E+01  4.7722357E+01 -1.7234021E+00  1.6988625E+02
  2.1475262E-01 -3.0853833E+01 -7.9000000E+01  4.8146167E+01 -1.7171653E+00  1.5862650E+02
  2.1892237E-01 -3.0429234E+01 -7.9000000E+01  4.8570766E+01 -1.7115195E+00  1.4826203E+02
  2.2317239E-01 -3.0003761E+01 -7.9000000E+01  4.8996239E+01 -1.7067077E+00  1.3877490E+02
  2.2750420E-01 -2.9577333E+01 -7.9000000E+01  4.9422667E+01 -1.7029708E+00  1.3013921E+02
  2.3191935E-01 -2.9149887E+01 -7.9000000E+01  4.9850113E+01 -1.7005395E+00  1.2232185E+02
  2.3641941E-01 -2.8721373E+01 -7.9000000E+01  5.0278627E+01 -1.6996272E+00  1.1528332E+02
  2.4100599E-01 -2.8291759E+01 -7.9000000E+01  5.0708241E+01 -1.7004217E+00  1.0897861E+02
  2.4568071E-01 -2.7861035E+01 -7.9000000E+01  5.1138965E+01 -1.7030775E+00  1.0335819E+02
  2.5044524E-01 -2.7429212E+01 -7.9000000E+01  5.1570788E+01 -1.7077088E+00  9.8368929E+01
  2.5530127E-01 -2.6996330E+01 -7.9000000E+01  5.2003670E+01 -1.7143845E+00  9.3955152E+01
  2.6025053E-01 -2.6562454E+01 -7.9000000E+01  5.2437546E+01 -1.7231245E+00  9.0059581E+01
  2.6529477E-01 -2.6127676E+01 -7.9000000E+01  5.2872324E+01 -1.7338984E+00  8.6624300E+01
  2.7043576E-01 -2.5692121E+01 -7.9000000E+01  5.3307879E+01 -1.7466270E+00  8.3591667E+01
  2.7567534E-01 -2.5255941E+01 -7.9000000E+01  5.3744059E+01 -1.7611852E+00  8.0905153E+01
  2.8101534E-01 -2.4819318E+01 -7.9000000E+01  5.4180682E+01 -1.7774074E+00  7.8510128E+01
  2.8645766E-01 -2.4382466E+01 -7.9000000E+01  5.4617534E+01 -1.7950937E+00  7.6354544E+01
  2.9200421E-01 -2.3945625E+01 -7.9000000E+01  5.5054375E+01 -1.8140174E+00  7.4389534E+01
  2.9765694E-01 -2.3509062E+01 -7.9000000E+01  5.5490938E+01 -1.8339322E+00  7.2569920E+01
  3.0341783E-01 -2.3073069E+01 -7.9000000E+01  5.5926931E+01 -1.8545797E+00  7.0854604E+01
  3.0928891E-01 -2.2637963E+01 -7.9000000E+01  5.6362037E+01 -1.8756961E+00  6.9206871E+01
  3.1527224E-01 -2.2204077E+01 -7.9000000E+01  5.6795923E+01 -1.8970178E+00  6.7594582E+01
  3.2136991E-01 -2.1771763E+01 -7.9000000E+01  5.7228237E+01 -1.9182869E+00  6.5990272E+01
  3.2758404E-01 -2.1341386E+01 -7.9000000E+01  5.7658614E+01 -1.9392548E+00  6.4371149E+01
  3.3391681E-01 -2.0913318E+01 -7.9000000E+01  5.8086682E+01 -1.9596857E+00  6.2719020E+01
  3.4037042E-01 -2.0487938E+01 -7.9000000E+01  5.8512062E+01 -1.9793589E+00  6.1020122E+01
  3.4694712E-01 -2.0065626E+01 -7.9000000E+01  5.8934374E+01 -1.9980707E+00  5.9264893E+01
  3.5364920E-01 -1.9646759E+01 -7.9000000E+01  5.9353241E+01 -2.0156351E+00  5.7447683E+01
  3.6047897E-01 -1.9231706E+01 -7.9000000E+01  5.9768294E+01 -2.0318850E+00  5.5566419E+01
  3.6743880E-01 -1.8820825E+01 -7.9000000E+01  6.0179175E+01 -2.0466725E+00  5.3622223E+01
  3.7453111E-01 -1.8414457E+01 -7.9000000E+01  6.0585543E+01 -2.0598686E+00  5.1619018E+01
  3.8175833E-01 -1.8012928E+01 -7.9000000E+01  6.0987072E+01 -2.0713639E+00  4.9563103E+01
  3.8912296E-01 -1.7616536E+01 -7.9000000E+01  6.1383464E+01 -2.0810675E+00  4.7462738E+01
  3.9662753E-01 -1.7225557E+01 -7.9000000E+01  6.1774443E+01 -2.0889074E+00  4.5327719E+01
  4.0427462E-01 -1.6840237E+01 -7.9000000E+01  6.2159763E+01 -2.0948299E+00  4.3168973E+01
  4.1206685E-01 -1.6460793E+01 -7.9000000E+01  6.2539207E+01 -2.0987993E+00  4.0998176E+01
  4.2000689E-01 -1.6087406E+01 -7.9000000E+01  6.2912594E+01 -2.1007974E+00  3.8827383E+01
  4.2809745E-01 -1.5720227E+01 -7.9000000E+01  6.3279773E+01 -2.1008235E+00  3.6668708E+01
  4.3634128E-01 -1.5359368E+01 -7.9000000E+01  6.3640632E+01 -2.0988936E+00  3.4534025E+01
  4.4474121E-01 -1.5004911E+01 -7.9000000E+01  6.3995089E+01 -2.0950405E+00  3.2434709E+01
  4.5330007E-01 -1.4656899E+01 -7.9000000E+01  6.4343101E+01 -2.0893132E+00  3.0381424E+01
  4.6202077E-01 -1.4315342E+01 -7.9000000E+01  6.4684658E+01 -2.0817767E+00  2.8383944E+01
  4.7090627E-01 -1.3980218E+01 -7.9000000E+01  6.5019782E+01 -2.0725115E+00  2.6451010E+01
  4.7995955E-01 -1.3651474E+01 -7.9000000E+01  6.5348526E+01 -2.0616135E+00  2.4590236E+01
  4.8918368E-01 -1.3329025E+01 -7.9000000E+01  6.5670975E+01 -2.0491936E+00  2.2808039E+01
  4.9858176E-01 -1.3012763E+01 -7.9000000E+01  6.5987237E+01 -2.0353769E+00  2.1109610E+01
  5.0815693E-01 -1.2702553E+01 -7.9000000E+01  6.6297447E+01 -2.0203024E+00  1.9498914E+01
  5.1791240E-01 -1.2398241E+01 -7.9000000E+01  6.6601759E+01 -2.0041223E+00  1.7978711E+01
  5.2785144E-01 -1.2099654E+01 -7.9000000E+01  6.6900346E+01 -1.9870010E+00  1.6550607E+01
  5.3797736E-01 -1.1806604E+01 -7.9000000E+01  6.7193396E+01 -1.9691140E+00  1.5215123E+01
  5.4829352E-01 -1.1518894E+01 -7.9000000E+01  6.7481106E+01 -1.9506468E+00  1.3971771E+01
  5.5880334E-01 -1.1236318E+01 -7.9000000E+01  6.7763682E+01 -1.9317928E+00  1.2819158E+01
  5.6951031E-01 -1.0958666E+01 -7.9000000E+01  6.8041334E+01 -1.9127514E+00  1.1755081E+01
  5.8041796E-01 -1.0685728E+01 -7.9000000E+01  6.8314272E+01 -1.8937255E+00  1.0776640E+01
  5.9152988E-01 -1.0417295E+01 -7.9000000E+01  6.8582705E+01 -1.8749187E+00  9.8803455E+00
  6.0284972E-01 -1.0153166E+01 -7.9000000E+01  6.8846834E+01 -1.8565322E+00  9.0622305E+00
  6.1438119E-01 -9.8931439E+00 -7.9000000E+01  6.9106856E+01 -1.8387605E+00  8.3179560E+00
  6.2612807E-01 -9.6370467E+00 -7.9000000E+01  6.9362953E+01 -1.8217882E+00  7.6429136E+00
  6.3809417E-01 -9.3847034E+00 -7.9000000E+01  6.9615297E+01 -1.8057851E+00  7.0323216E+00
  6.5028339E-01 -9.1359578E+00 -7.9000000E+01  6.9864042E+01 -1.7909029E+00  6.4813128E+00
  6.6269968E-01 -8.8906704E+00 -7.9000000E+01  7.0109330E+01 -1.7772706E+00  5.9850143E+00
  6.7534705E-01 -8.6487191E+00 -7.9000000E+01  7.0351281E+01 -1.7649911E+00  5.5386177E+00
  6.8822958E-01 -8.4100003E+00 -7.9000000E+01  7.0590000E+01 -1.7541389E+00  5.1374402E+00
  7.0135141E-01 -8.1744293E+00 -7.9000000E+01  7.0825571E+01 -1.7447574E+00  4.7769753E+00
  7.1471674E-01 -7.9419404E+00 -7.9000000E+01  7.1058060E+01 -1.7368586E+00  4.4529350E+00
  7.2832984E-01 -7.7124870E+00 -7.9000000E+01  7.1287513E+01 -1.7304227E+00  4.1612823E+00
  7.4219504E-01 -7.4860408E+00 -7.9000000E+01  7.1513959E+01 -1.7254002E+00  3.8982549E+00
  7.5631675E-01 -7.2625913E+00 -7.9000000E+01  7.1737409E+01 -1.7217135E+00  3.6603816E+00
  7.7069943E-01 -7.0421444E+00 -7.9000000E+01  7.1957856E+01 -1.7192608E+00  3.4444910E+00
  7.8534762E-01 -6.8247220E+00 -7.9000000E+01  7.2175278E+01 -1.7179198E+00  3.2477136E+00
  8.0026592E-01 -6.6103596E+00 -7.9000000E+01  7.2389640E+01 -1.7175520E+00  3.0674790E+00
  8.1545900E-01 -6.3991055E+00 -7.9000000E+01  7.2600894E+01 -1.7180075E+00  2.9015071E+00
  8.3093162E-01 -6.1910188E+00 -7.9000000E+01  7.2808981E+01 -1.7191293E+00  2.7477968E+00
  8.4668857E-01 -5.9861676E+00 -7.9000000E+01  7.3013832E+01 -1.7207575E+00  2.6046103E+00
  8.6273474E-01 -5.7846275E+00 -7.9000000E+01  7.3215373E+01 -1.7227332E+00  2.4704554E+00
  8.7907509E-01 -5.5864792E+00 -7.9000000E+01  7.3413521E+01 -1.7249017E+00  2.3440667E+00
  8.9571464E-01 -5.3918073E+00 -7.9000000E+01  7.3608193E+01 -1.7271154E+00  2.2243845E+00
  9.1265850E-01 -5.2006984E+00 -7.9000000E+01  7.3799302E+01 -1.7292356E+00  2.1105342E+00
  9.2991183E-01 -5.0132391E+00 -7.9000000E+01  7.3986761E+01 -1.7311343E+00  2.0018053E+00
  9.4747988E-01 -4.8295146E+00 -7.9000000E+01  7.4170485E+01 -1.7326956E+00  1.8976306E+00
  9.6536797E-01 -4.6496073E+00 -7.9000000E+01  7.4350393E+01 -1.7338158E+00  1.7975668E+00
  9.8358150E-01 -4.4735954E+00 -7.9000000E+01  7.4526405E+01 -1.7344040E+00  1.7012754E+00
  1.0021259E+00 -4.3015515E+00 -7.9000000E+01  7.4698448E+01 -1.7343823E+00  1.6085052E+00
  1.0210068E+00 -4.1335419E+00 -7.9000000E+01  7.4866458E+01 -1.7336852E+00  1.5190764E+00
  1.0402298E+00 -3.9696254E+00 -7.9000000E+01  7.5030375E+01 -1.7322592E+00  1.4328661E+00
  1.0598005E+00 -3.8098524E+00 -7.9000000E+01  7.5190148E+01 -1.7300625E+00  1.3497950E+00
  1.0797248E+00 -3.6542649E+00 -7.9000000E+01  7.5345735E+01 -1.7270640E+00  1.2698162E+00
  1.1000085E+00 -3.5028954E+00 -7.9000000E+01  7.5497105E+01 -1.7232426E+00  1.1929054E+00
  1.1206575E+00 -3.3557673E+00 -7.9000000E+01  7.5644233E+01 -1.7185867E+00  1.1190525E+00
  1.1416779E+00 -3.2128940E+00 -7.9000000E+01  7.5787106E+01 -1.7130930E+00  1.0482548E+00
  1.1630757E+00 -3.0742794E+00 -7.9000000E+01  7.5925721E+01 -1.7067657E+00  9.8051125E-01
  1.1848571E+00 -2.9399180E+00 -7.9000000E+01  7.6060082E+01 -1.6996158E+00  9.1581807E-01
  1.2070284E+00 -2.8097949E+00 -7.9000000E+01  7.6190205E+01 -1.6916606E+00  8.5416564E-01
  1.2295958E+00 -2.6838862E+00 -7.9000000E+01  7.6316114E+01 -1.6829222E+00  7.9553593E-01
  1.2525658E+00 -2.5621595E+00 -7.9000000E+01  7.6437840E+01 -1.6734273E+00  7.3990111E-01
  1.2759449E+00 -2.4445742E+00 -7.9000000E+01  7.6555426E+01 -1.6632064E+00  6.8722263E-01
  1.2997397E+00 -2.3310822E+00 -7.9000000E+01  7.6668918E+01 -1.6522929E+00  6.3745104E-01
  1.3239567E+00 -2.2216283E+00 -7.9000000E+01  7.6778372E+01 -1.6407228E+00  5.9052620E-01
  1.3486027E+00 -2.1161508E+00 -7.9000000E+01  7.6883849E+01 -1.6285339E+00  5.4637789E-01
  1.3736846E+00 -2.0145822E+00 -7.9000000E+01  7.6985418E+01 -1.6157649E+00  5.0492667E-01
  1.3992091E+00 -1.9168500E+00 -7.9000000E+01  7.7083150E+01 -1.6024558E+00  4.6608499E-01
  1.4251834E+00 -1.8228769E+00 -7.9000000E+01  7.7177123E+01 -1.5886464E+00  4.2975838E-01
  1.4516144E+00 -1.7325816E+00 -7.9000000E+01  7.7267418E+01 -1.5743767E+00  3.9584669E-01
  1.4785092E+00 -1.6458795E+00 -7.9000000E+01  7.7354121E+01 -1.5596858E+00  3.6424541E-01
  1.5058751E+00 -1.5626833E+00 -7.9000000E+01  7.7437317E+01 -1.5446121E+00  3.3484692E-01
  1.5337194E+00 -1.4829033E+00 -7.9000000E+01  7.7517097E+01 -1.5291930E+00  3.0754169E-01
  1.5620494E+00 -1.4064480E+00 -7.9000000E+01  7.7593552E+01 -1.5134640E+00  2.8221939E-01
  1.5908726E+00 -1.3332248E+00 -7.9000000E+01  7.7666775E+01 -1.4974594E+00  2.5876993E-01
  1.6201965E+00 -1.2631401E+00 -7.9000000E+01  7.7736860E+01 -1.4812114E+00  2.3708436E-01
  1.6500287E+00 -1.1960999E+00 -7.9000000E+01  7.7803900E+01 -1.4647503E+00  2.1705566E-01
  1.6803770E+00 -1.1320102E+00 -7.9000000E+01  7.7867990E+01 -1.4481044E+00  1.9857946E-01
  1.7112490E+00 -1.0707773E+00 -7.9000000E+01  7.7929223E+01 -1.4312999E+00  1.8155455E-01
  1.7426527E+00 -1.0123078E+00 -7.9000000E+01  7.7987692E+01 -1.4143607E+00  1.6588339E-01
  1.7745959E+00 -9.5650941E-01 -7.9000000E+01  7.8043491E+01 -1.3973089E+00  1.5147245E-01
  1.8070867E+00 -9.0329062E-01 -7.9000000E+01  7.8096709E+01 -1.3801640E+00  1.3823245E-01
  1.8401331E+00 -8.5256126E-01 -7.9000000E+01  7.8147439E+01 -1.3629441E+00  1.2607857E-01
  1.8737433E+00 -8.0423252E-01 -7.9000000E+01  7.8195767E+01 -1.3456649E+00  1.1493052E-01
  1.9079255E+00 -7.5821710E-01 -7.9000000E+01  7.8241783E+01 -1.3283405E+00  1.0471258E-01
  1.9426880E+00 -7.1442932E-01 -7.9000000E+01  7.8285571E+01 -1.3109832E+00  9.5353588E-02
  1.9780392E+00 -6.7278522E-01 -7.9000000E+01  7.8327215E+01 -1.2936038E+00  8.6786873E-02
  2.0139876E+00 -6.3320265E-01 -7.9000000E+01  7.8366797E+01 -1.2762118E+00  7.8950121E-02
  2.0505416E+00 -5.9560127E-01 -7.9000000E+01  7.8404399E+01 -1.2588154E+00  7.1785252E-02
  2.0877098E+00 -5.5990266E-01 -7.9000000E+01  7.8440097E+01 -1.2414216E+00  6.5238248E-02
  2.1255010E+00 -5.2603032E-01 -7.9000000E+01  7.8473970E+01 -1.2240366E+00  5.9258974E-02
  2.1639238E+00 -4.9390967E-01 -7.9000000E+01  7.8506090E+01 -1.2066660E+00  5.3800981E-02
  2.2029870E+00 -4.6346810E-01 -7.9000000E+01  7.8536532E+01 -1.1893147E+00  4.8821303E-02
  2.2426995E+00 -4.3463494E-01 -7.9000000E+01  7.8565365E+01 -1.1719871E+00  4.4280254E-02
  2.2830702E+00 -4.0734151E-01 -7.9000000E+01  7.8592658E+01 -1.1546876E+00  4.0141223E-02
  2.3241081E+00 -3.8152106E-01 -7.9000000E+01  7.8618479E+01 -1.1374204E+00  3.6370469E-02
  2.3658223E+00 -3.5710879E-01 -7.9000000E+01  7.8642891E+01 -1.1201896E+00  3.2936929E-02
  2.4082219E+00 -3.3404185E-01 -7.9000000E+01  7.8665958E+01 -1.1029997E+00  2.9812026E-02
  2.4513160E+00 -3.1225932E-01 -7.9000000E+01  7.8687741E+01 -1.0858552E+00  2.6969485E-02
  2.4951138E+00 -2.9170219E-01 -7.9000000E+01  7.8708298E+01 -1.0687612E+00  2.4385169E-02
  2.5396247E+00 -2.7231335E-01 -7.9000000E+01  7.8727687E+01 -1.0517232E+00  2.2036906E-02
  2.5848580E+00 -2.5403759E-01 -7.9000000E+01  7.8745962E+01 -1.0347475E+00  1.9904345E-02
  2.6308231E+00 -2.3682158E-01 -7.9000000E+01  7.8763178E+01 -1.0178406E+00  1.7968807E-02
  2.6775293E+00 -2.2061385E-01 -7.9000000E+01  7.8779386E+01 -1.0010102E+00  1.6213157E-02
  2.7249863E+00 -2.0536477E-01 -7.9000000E+01  7.8794635E+01 -9.8426438E-01  1.4621677E-02
  2.7732035E+00 -1.9102656E-01 -7.9000000E+01  7.8808973E+01 -9.6761238E-01  1.3179953E-02
  2.8221905E+00 -1.7755326E-01 -7.9000000E+01  7.8822447E+01 -9.5106414E-01  1.1874772E-02
  2.8719570E+00 -1.6490070E-01 -7.9000000E+01  7.8835099E+01 -9.3463057E-01  1.0694020E-02
  2.9225125E+00 -1.5302650E-01 -7.9000000E+01  7.8846974E+01 -9.1832354E-01  9.6265988E-03
  2.9738668E+00 -1.4189006E-01 -7.9000000E+01  7.8858110E+01 -9.0215590E-01  8.6623373E-03
  3.0260296E+00 -1.3145253E-01 -7.9000000E+01  7.8868547E+01 -8.8614159E-01  7.7919238E-03
  3.0790107E+00 -1.2167678E-01 -7.9000000E+01  7.8878323E+01 -8.7832322E-01  7.0068124E-03
  3.1328198E+00 -1.1252740E-01 -7.9000000E+01  7.8887473E+01 -8.8747260E-01  6.2989806E-03
  3.1874668E+00 -1.0397062E-01 -7.9000000E+01  7.8896029E+01 -8.9602938E-01  5.6608306E-03
  3.2429616E+00 -9.5974273E-02 -7.9000000E+01  7.8904026E+01 -9.0402573E-01  5.0854884E-03
  3.2993140E+00 -8.8507661E-02 -7.9000000E+01  7.8911492E+01 -9.1149234E-01  4.5667898E-03
  3.3565338E+00 -8.1541515E-02 -7.9000000E+01  7.8918458E+01 -9.1845849E-01  4.0991931E-03
  3.4146311E+00 -7.5047914E-02 -7.9000000E+01  7.8924952E+01 -9.2495209E-01  3.6777149E-03
  3.4736156E+00 -6.9000220E-02 -7.9000000E+01  7.8931000E+01 -9.3099978E-01  3.2978695E-03
  3.5334974E+00 -6.3373020E-02 -7.9000000E+01  7.8936627E+01 -9.3662698E-01  2.9556168E-03
  3.5942864E+00 -5.8142072E-02 -7.9000000E+01  7.8941858E+01 -9.4185793E-01  2.6473153E-03
  3.6559925E+00 -5.3284253E-02 -7.9000000E+01  7.8946716E+01 -9.4671575E-01  2.3696810E-03
  3.7186257E+00 -4.8777513E-02 -7.9000000E+01  7.8951222E+01 -9.5122249E-01  2.1197499E-03
  3.7821959E+00 -4.4600833E-02 -7.9000000E+01  7.8955399E+01 -9.5539917E-01  1.8948460E-03
  3.8467130E+00 -4.0734181E-02 -7.9000000E+01  7.8959266E+01 -9.5926582E-01  1.6925516E-03
  3.9121870E+00 -3.7158475E-02 -7.9000000E+01  7.8962842E+01 -9.6284152E-01  1.5106813E-03
  3.9786278E+00 -3.3855550E-02 -7.9000000E+01  7.8966144E+01 -9.6614445E-01  1.3472591E-03
  4.0460454E+00 -3.0808118E-02 -7.9000000E+01  7.8969192E+01 -9.6919188E-01  1.2004975E-03
  4.1144495E+00 -2.7999743E-02 -7.9000000E+01  7.8972000E+01 -9.7200026E-01  1.0687790E-03
  4.1838501E+00 -2.5414806E-02 -7.9000000E+01  7.8974585E+01 -9.7458519E-01  9.5063957E-04
  4.2542571E+00 -2.3038476E-02 -7.9000000E+01  7.8976962E+01 -9.7696152E-01  8.4475376E-04
  4.3256802E+00 -2.0856683E-02 -7.9000000E+01  7.8979143E+01 -9.7914332E-01  7.4992137E-04
  4.3981293E+00 -1.8856093E-02 -7.9000000E+01  7.8981144E+01 -9.8114391E-01  6.6505555E-04
  4.4716140E+00 -1.7024078E-02 -7.9000000E+01  7.8982976E+01 -9.8297592E-01  5.8917202E-04
  4.5461442E+00 -1.5348693E-02 -7.9000000E+01  7.8984651E+01 -9.8465131E-01  5.2137938E-04
  4.6217295E+00 -1.3818651E-02 -7.9000000E+01  7.8986181E+01 -9.8618135E-01  4.6087045E-04
  4.6983795E+00 -1.2423300E-02 -7.9000000E+01  7.8987577E+01 -9.8757670E-01  4.0691438E-04
  4.7761038E+00 -1.1152598E-02 -7.9000000E+01  7.8988847E+01 -9.8884740E-01  3.5884960E-04
  4.8549120E+00 -9.9970887E-03 -7.9000000E+01  7.8990003E+01 -9.9000291E-01  3.1607735E-04
  4.9348135E+00 -8.9478830E-03 -7.9000000E+01  7.8991052E+01 -9.9105212E-01  2.7805597E-04
  5.0158177E+00 -7.9966326E-03 -7.9000000E+01  7.8992003E+01 -9.9200337E-01  2.4429559E-04
  5.0979341E+00 -7.1355100E-03 -7.9000000E+01  7.8992864E+01 -9.9286449E-01  2.1435342E-04
  5.1811718E+00 -6.3571861E-03 -7.9000000E+01  7.8993643E+01 -9.9364281E-01  1.8782942E-04
  5.2655402E+00 -5.6548092E-03 -7.9000000E+01  7.8994345E+01 -9.9434519E-01  1.6436239E-04
  5.3510484E+00 -5.0219833E-03 -7.9000000E+01  7.8994978E+01 -9.9497802E-01  1.4362642E-04
  5.4377054E+00 -4.4527479E-03 -7.9000000E+01  7.8995547E+01 -9.9554725E-01  1.2532766E-04
  5.5255203E+00 -3.9415572E-03 -7.9000000E+01  7.8996058E+01 -9.9605844E-01  1.0920137E-04
  5.6145020E+00 -3.4832597E-03 -7.9000000E+01  7.8996517E+01 -9.9651674E-01  9.5009251E-05
  5.7046592E+00 -3.0730789E-03 -7.9000000E+01  7.8996927E+01 -9.9692692E-01  8.2536985E-05
  5.7960007E+00 -2.7065935E-03 -7.9000000E+01  7.8997293E+01 -9.9729341E-01  7.1592039E-05
  5.8885353E+00 -2.3797182E-03 -7.9000000E+01  7.8997620E+01 -9.9762028E-01  6.2001616E-05
  5.9822713E+00 -2.0886854E-03 -7.9000000E+01  7.8997911E+01 -9.9791131E-01  5.3610813E-05
  6.0772173E+00 -1.8300269E-03 -7.9000000E+01  7.8998170E+01 -9.9816997E-01  4.6280926E-05
  6.1733815E+00 -1.6005560E-03 -7.9000000E+01  7.8998399E+01 -9.9839944E-01  3.9887917E-05
  6.2707724E+00 -1.3973507E-03 -7.9000000E+01  7.8998603E+01 -9.9860265E-01  3.4321002E-05
  6.3693978E+00 -1.2177366E-03 -7.9000000E+01  7.8998782E+01 -9.9878226E-01  2.9481371E-05
  6.4692659E+00 -1.0592710E-03 -7.9000000E+01  7.8998941E+01 -9.9894073E-01  2.5281020E-05
  6.5703846E+00 -9.1972733E-04 -7.9000000E+01  7.8999080E+01 -9.9908027E-01  2.1641681E-05
  6.6727616E+00 -7.9708011E-04 -7.9000000E+01  7.8999203E+01 -9.9920292E-01  1.8493852E-05
  6.7764047E+00 -6.8949082E-04 -7.9000000E+01  7.8999311E+01 -9.9931051E-01  1.5775913E-05
  6.8813212E+00 -5.9529399E-04 -7.9000000E+01  7.8999405E+01 -9.9940471E-01  1.3433318E-05
  6.9875186E+00 -5.1298420E-04 -7.9000000E+01  7.8999487E+01 -9.9948702E-01  1.1417866E-05
  7.0950043E+00 -4.4120363E-04 -7.9000000E+01  7.8999559E+01 -9.9955880E-01  9.6870343E-06
  7.2037852E+00 -3.7873026E-04 -7.9000000E+01  7.8999621E+01 -9.9962127E-01  8.2033753E-06
  7.3138685E+00 -3.2446672E-04 -7.9000000E+01  7.8999676E+01 -9.9967553E-01  6.9339708E-06
  7.4252609E+00 -2.7742976E-04 -7.9000000E+01  7.8999723E+01 -9.9972257E-01  5.8499364E-06
  7.5379693E+00 -2.3674036E-04 -7.9000000E+01  7.8999763E+01 -9.9976326E-01  4.9259756E-06
  7.6520001E+00 -2.0161448E-04 -7.9000000E+01  7.8999798E+01 -9.9979839E-01  4.1399757E-06
  7.7673598E+00 -1.7135437E-04 -7.9000000E+01  7.8999829E+01 -9.9982865E-01  3.4726453E-06
  7.8840547E+00 -1.4534054E-04 -7.9000000E+01  7.8999855E+01 -9.9985466E-01  2.9071876E-06
  8.0020909E+00 -1.2302423E-04 -7.9000000E+01  7.8999877E+01 -9.9987698E-01  2.4290068E-06
  8.1214744E+00 -1.0392049E-04 -7.9000000E+01  7.8999896E+01 -9.9989608E-01  2.0254465E-06
  8.2422110E+00 -8.7601757E-05 -7.9000000E+01  7.8999912E+01 -9.9991240E-01  1.6855539E-06
  8.3643064E+00 -7.3691971E-05 -7.9000000E+01  7.8999926E+01 -9.9992631E-01  1.3998711E-06
  8.4877661E+00 -6.1861152E-05 -7.9000000E+01  7.8999938E+01 -9.9993814E-01  1.1602481E-06
  8.6125954E+00 -5.1820454E-05 -7.9000000E+01  7.8999948E+01 -9.9994818E-01  9.5967729E-07
  8.7387996E+00 -4.3317645E-05 -7.9000000E+01  7.8999957E+01 -9.9995668E-01  7.9214619E-07
  8.8663835E+00 -3.6133004E-05 -7.9000000E+01  7.8999964E+01 -9.9996387E-01  6.5250781E-07
  8.9953522E+00 -3.0075596E-05 -7.9000000E+01  7.8999970E+01 -9.9996992E-01  5.3636571E-07
  9.1257103E+00 -2.4979907E-05 -7.9000000E+01  7.8999975E+01 -9.9997502E-01  4.3997305E-07
  9.2574623E+00 -2.0702817E-05 -7.9000000E+01  7.8999979E+01 -9.9997930E-01  3.6014381E-07
  9.3906126E+00 -1.7120872E-05 -7.9000000E+01  7.8999983E+01 -9.9998288E-01  2.9417508E-07
  9.5251653E+00 -1.4127848E-05 -7.9000000E+01  7.8999986E+01 -9.9998587E-01  2.3977905E-07
  9.6611245E+00 -1.1632578E-05 -7.9000000E+01  7.8999988E+01 -9.9998837E-01  1.9502381E-07
  9.7984941E+00 -9.5570069E-06 -7.9000000E+01  7.8999990E+01 -9.9999044E-01  1.5828175E-07
  9.9372777E+00 -7.8344802E-06 -7.9000000E+01  7.8999992E+01 -9.9999217E-01  1.2818488E-07
  1.0077479E+01 -6.4082187E-06 -7.9000000E+01  7.8999994E+01 -9.9999359E-01  1.0358613E-07
  1.0219101E+01 -5.2299793E-06 -7.9000000E+01  7.8999995E+01 -9.9999477E-01  8.3525991E-08
  1.0362147E+01 -4.2588751E-06 -7.9000000E+01  7.8999996E+01 -9.9999574E-01  6.7203717E-08
  1.0506620E+01 -3.4603424E-06 -7.9000000E+01  7.8999997E+01 -9.9999654E-01  5.3952707E-08
  1.0652522E+01 -2.8052371E-06 -7.9000000E+01  7.8999997E+01 -9.9999719E-01  4.3219355E-08
  1.0799858E+01 -2.2690477E-06 -7.9000000E+01  7.8999998E+01 -9.9999773E-01  3.4545016E-08
  1.0948628E+01 -1.8312119E-06 -7.9000000E+01  7.8999998E+01 -9.9999817E-01  2.7550644E-08
  1.1098835E+01 -1.4745246E-06 -7.9000000E+01  7.8999999E+01 -9.9999853E-01  2.1923739E-08
  1.1250482E+01 -1.1846268E-06 -7.9000000E+01  7.8999999E+01 -9.9999882E-01  1.7407303E-08
  1.1403570E+01 -9.4956565E-07 -7.9000000E+01  7.8999999E+01 -9.9999905E-01  1.3790499E-08
  1.1558101E+01 -7.5941696E-07 -7.9000000E+01  7.8999999E+01 -9.9999924E-01  1.0900788E-08
  1.1714077E+01 -6.0596223E-07 -7.9000000E+01  7.8999999E+01 -9.9999939E-01  8.5973214E-09
  1.1871498E+01 -4.8241299E-07 -7.9000000E+01  7.9000000E+01 -9.9999952E-01  6.7654063E-09
  1.2030368E+01 -3.8317660E-07 -7.9000000E+01  7.9000000E+01 -9.9999962E-01  5.3118806E-09
  1.2190685E+01 -3.0365749E-07 -7.9000000E+01  7.9000000E+01 -9.9999970E-01  4.1612598E-09
  1.2352452E+01 -2.4008926E-07 -7.9000000E+01  7.9000000E+01 -9.9999976E-01  3.2525353E-09
  1.2515669E+01 -1.8939301E-07 -7.9000000E+01  7.9000000E+01 -9.9999981E-01  2.5365215E-09
  1.2680337E+01 -1.4905842E-07 -7.9000000E+01  7.9000000E+01 -9.9999985E-01  1.9736642E-09
  1.2846456E+01 -1.1704412E-07 -7.9000000E+01  7.9000000E+01 -9.9999988E-01  1.5322342E-09
  1.3014027E+01 -9.1694275E-08 -7.9000000E+01  7.9000000E+01 -9.9999991E-01  1.1868432E-09
  1.3183048E+01 -7.1669405E-08 -7.9000000E+01  7.9000000E+01 -9.9999993E-01  9.1722758E-10
  1.3353522E+01 -5.5888663E-08 -7.9000000E+01  7.9000000E+01 -9.9999994E-01  7.0725468E-10
  1.3525446E+01 -4.3482217E-08 -7.9000000E+01  7.9000000E+01 -9.9999996E-01  5.4411295E-10
  1.3698822E+01 -3.3751832E-08 -7.9000000E+01  7.9000000E+01 -9.9999997E-01  4.1765382E-10
  1.3873647E+01 -2.6138480E-08 -7.9000000E+01  7.9000000E+01 -9.9999997E-01  3.1985846E-10
  1.4049923E+01 -2.0195785E-08 -7.9000000E+01  7.9000000E+01 -9.9999998E-01  2.4440671E-10
  1.4227646E+01 -1.5568205E-08 -7.9000000E+01  7.9000000E+01 -9.9999998E-01  1.8632983E-10
  1.4406818E+01 -1.1973313E-08 -7.9000000E+01  7.9000000E+01 -9.9999999E-01  1.4173131E-10
  1.4587436E+01 -9.1872892E-09 -7.9000000E+01  7.9000000E+01 -9.9999999E-01  1.0756319E-10
  1.4769500E+01 -7.0332931E-09 -7.9000000E+01  7.9000000E+01 -9.9999999E-01  8.1447247E-11
  1.4953007E+01 -5.3719162E-09 -7.9000000E+01  7.9000000E+01 -9.9999999E-01  6.1532505E-11
  1.5137957E+01 -4.0935504E-09 -7.9000000E+01  7.9000000E+01 -1.0000000E+00  4.6381938E-11
  1.5324347E+01 -3.1122056E-09 -7.9000000E+01  7.9000000E+01 -1.0000000E+00  3.4882698E-11
  1.5512176E+01 -2.3606930E-09 -7.9000000E+01  7.9000000E+01 -1.0000000E+00  2.6175140E-11
  1.5701441E+01 -1.7865460E-09 -7.9000000E+01  7.9000000E+01 -1.0000000E+00  1.9596872E-11
  1.5892141E+01 -1.3489370E-09 -7.9000000E+01  7.9000000E+01 -1.0000000E+00  1.4638763E-11
  1.6084273E+01 -1.0161898E-09 -7.9000000E+01  7.9000000E+01 -1.0000000E+00  1.0910462E-11
  1.6277834E+01 -7.6376239E-10 -7.9000000E+01  7.9000000E+01 -1.0000000E+00  8.1134272E-12
  1.6472823E+01 -5.7272587E-10 -7.9000000E+01  7.9000000E+01 -1.0000000E+00  6.0199020E-12
  1.6669237E+01 -4.2849990E-10 -7.9000000E+01  7.9000000E+01 -1.0000000E+00  4.4565615E-12
  1.6867072E+01 -3.1984371E-10 -7.9000000E+01  7.9000000E+01 -1.0000000E+00  3.2918302E-12
  1.7066325E+01 -2.3820235E-10 -7.9000000E+01  7.9000000E+01 -1.0000000E+00  2.4260721E-12
  1.7266995E+01 -1.7699620E-10 -7.9000000E+01  7.9000000E+01 -1.0000000E+00  1.7840235E-12
  1.7469077E+01 -1.3122303E-10 -7.9000000E+01  7.9000000E+01 -1.0000000E+00  1.3089707E-12
  1.7672569E+01 -9.7060138E-11 -7.9000000E+01  7.9000000E+01 -1.0000000E+00  9.5828302E-13
  1.7877466E+01 -7.1622708E-11 -7.9000000E+01  7.9000000E+01 -1.0000000E+00  6.9999388E-13
  1.8083766E+01 -5.2750693E-11 -7.9000000E+01  7.9000000E+01 -1.0000000E+00  5.1019179E-13
  1.8291464E+01 -3.8753001E-11 -7.9000000E+01  7.9000000E+01 -1.0000000E+00  3.7103401E-13
  1.8500558E+01 -2.8393288E-11 -7.9000000E+01  7.9000000E+01 -1.0000000E+00  2.6923862E-13
  1.8711043E+01 -2.0762059E-11 -7.9000000E+01  7.9000000E+01 -1.0000000E+00  1.9494262E-13
  1.8922915E+01 -1.5148771E-11 -7.9000000E+01  7.9000000E+01 -1.0000000E+00  1.4083952E-13
  1.9136170E+01 -1.1013412E-11 -7.9000000E+01  7.9000000E+01 -1.0000000E+00  1.0152972E-13
  1.9350805E+01 -8.0007112E-12 -7.9000000E+01  7.9000000E+01 -1.0000000E+00  7.3032364E-14
  1.9566815E+01 -5.7838179E-12 -7.9000000E+01  7.9000000E+01 -1.0000000E+00  5.2419613E-14
  1.9784195E+01 -4.1637804E-12 -7.9000000E+01  7.9000000E+01 -1.0000000E+00  3.7543204E-14
  2.0002942E+01 -2.9984903E-12 -7.9000000E+01  7.9000000E+01 -1.0000000E+00  2.6830625E-14
  2.0223050E+01 -2.1458391E-12 -7.9000000E+01  7.9000000E+01 -1.0000000E+00  1.9133530E-14
  2.0444516E+01 -1.5347723E-12 -7.9000000E+01  7.9000000E+01 -1.0000000E+00  1.3615302E-14
  2.0667334E+01 -1.0942358E-12 -7.9000000E+01  7.9000000E+01 -1.0000000E+00  9.6678611E-15
  2.0891500E+01  0.0000000E+00 -7.9000000E+01  7.9000000E+01 -1.0000000E+00  6.8502678E-15
  2.1117009E+01  0.0000000E+00 -7.9000000E+01  7.9000000E+01 -1.0000000E+00  4.8435292E-15
  2.1343856E+01  0.0000000E+00 -7.9000000E+01  7.9000000E+01 -1.0000000E+00  3.4174074E-15
  2.1572036E+01  0.0000000E+00 -7.9000000E+01  7.9000000E+01 -1.0000000E+00  2.4061092E-15
  2.1801545E+01  0.0000000E+00 -7.9000000E+01  7.9000000E+01 -1.0000000E+00  1.6905227E-15
  2.2032377E+01  0.0000000E+00 -7.9000000E+01  7.9000000E+01 -1.0000000E+00  1.1852697E-15
  2.2264527E+01  0.0000000E+00 -7.9000000E+01  7.9000000E+01 -1.0000000E+00  8.2929160E-16
  2.2497989E+01  0.0000000E+00 -7.9000000E+01  7.9000000E+01 -1.0000000E+00  5.7902164E-16
  2.2732759E+01  0.0000000E+00 -7.9000000E+01  7.9000000E+01 -1.0000000E+00  4.0344403E-16
  2.2968831E+01  0.0000000E+00 -7.9000000E+01  7.9000000E+01 -1.0000000E+00  2.8052808E-16
  2.3206200E+01  0.0000000E+00 -7.9000000E+01  7.9000000E+01 -1.0000000E+00  1.9466038E-16
  2.3444860E+01  0.0000000E+00 -7.9000000E+01  7.9000000E+01 -1.0000000E+00  1.3480024E-16
  2.3684806E+01  0.0000000E+00 -7.9000000E+01  7.9000000E+01 -1.0000000E+00  9.3157816E-17
  2.3926033E+01  0.0000000E+00 -7.9000000E+01  7.9000000E+01 -1.0000000E+00  6.4249129E-17
  2.4168533E+01  0.0000000E+00 -7.9000000E+01  7.9000000E+01 -1.0000000E+00  4.4221989E-17
  2.4412303E+01  0.0000000E+00 -7.9000000E+01  7.9000000E+01 -1.0000000E+00  3.0376393E-17
  2.4657337E+01  0.0000000E+00 -7.9000000E+01  7.9000000E+01 -1.0000000E+00  2.0824036E-17
  2.4903628E+01  0.0000000E+00 -7.9000000E+01  7.9000000E+01 -1.0000000E+00  1.4247157E-17
  2.5151170E+01  0.0000000E+00 -7.9000000E+01  7.9000000E+01 -1.0000000E+00  9.7281462E-18
  2.5399959E+01  0.0000000E+00 -7.9000000E+01  7.9000000E+01 -1.0000000E+00  6.6294035E-18
  2.5649988E+01  0.0000000E+00 -7.9000000E+01  7.9000000E+01 -1.0000000E+00  4.5088446E-18
  2.5901251E+01  0.0000000E+00 -7.9000000E+01  7.9000000E+01 -1.0000000E+00  3.0605997E-18
  2.6153743E+01  0.0000000E+00 -7.9000000E+01  7.9000000E+01 -1.0000000E+00  2.0734915E-18
  2.6407458E+01  0.0000000E+00 -7.9000000E+01  7.9000000E+01 -1.0000000E+00  1.4020274E-18
  2.6662388E+01  0.0000000E+00 -7.9000000E+01  7.9000000E+01 -1.0000000E+00  9.4617905E-19
  2.6918530E+01  0.0000000E+00 -7.9000000E+01  7.9000000E+01 -1.0000000E+00  6.3731890E-19
  2.7175876E+01  0.0000000E+00 -7.9000000E+01  7.9000000E+01 -1.0000000E+00  4.2846073E-19
  2.7434420E+01  0.0000000E+00 -7.9000000E+01  7.9000000E+01 -1.0000000E+00  2.8750151E-19
  2.7694157E+01  0.0000000E+00 -7.9000000E+01  7.9000000E+01 -1.0000000E+00  1.9255210E-19
  2.7955080E+01  0.0000000E+00 -7.9000000E+01  7.9000000E+01 -1.0000000E+00  1.2871807E-19
  2.8217184E+01  0.0000000E+00 -7.9000000E+01  7.9000000E+01 -1.0000000E+00  8.5885163E-20
  2.8480462E+01  0.0000000E+00 -7.9000000E+01  7.9000000E+01 -1.0000000E+00  5.7198978E-20
  2.8744908E+01  0.0000000E+00 -7.9000000E+01  7.9000000E+01 -1.0000000E+00  3.8023675E-20
  2.9010515E+01  0.0000000E+00 -7.9000000E+01  7.9000000E+01 -1.0000000E+00  2.5230149E-20
  2.9277279E+01  0.0000000E+00 -7.9000000E+01  7.9000000E+01 -1.0000000E+00  1.6710508E-20
  2.9545192E+01  0.0000000E+00 -7.9000000E+01  7.9000000E+01 -1.0000000E+00  1.1047597E-20
  2.9814249E+01  0.0000000E+00 -7.9000000E+01  7.9000000E+01 -1.0000000E+00  7.2905207E-21
  3.0084442E+01  0.0000000E+00 -7.9000000E+01  7.9000000E+01 -1.0000000E+00  4.8024855E-21
  3.0355767E+01  0.0000000E+00 -7.9000000E+01  7.9000000E+01 -1.0000000E+00  3.1578726E-21
  3.0628217E+01  0.0000000E+00 -7.9000000E+01  7.9000000E+01 -1.0000000E+00  2.0727571E-21
  3.0901786E+01  0.0000000E+00 -7.9000000E+01  7.9000000E+01 -1.0000000E+00  1.3581000E-21
  3.1176467E+01  0.0000000E+00 -7.9000000E+01  7.9000000E+01 -1.0000000E+00  8.8827787E-22
  3.1452254E+01  0.0000000E+00 -7.9000000E+01  7.9000000E+01 -1.0000000E+00  5.7996790E-22
  3.1729141E+01  0.0000000E+00 -7.9000000E+01  7.9000000E+01 -1.0000000E+00  3.7800830E-22
  3.2007123E+01  0.0000000E+00 -7.9000000E+01  7.9000000E+01 -1.0000000E+00  2.4594910E-22
  3.2286192E+01  0.0000000E+00 -7.9000000E+01  7.9000000E+01 -1.0000000E+00  1.5974965E-22
  3.2566343E+01  0.0000000E+00 -7.9000000E+01  7.9000000E+01 -1.0000000E+00  1.0358327E-22
  3.2847569E+01  0.0000000E+00 -7.9000000E+01  7.9000000E+01 -1.0000000E+00  6.7049964E-23
  3.3129864E+01  0.0000000E+00 -7.9000000E+01  7.9000000E+01 -1.0000000E+00  4.3328236E-23
  3.3413222E+01  0.0000000E+00 -7.9000000E+01  7.9000000E+01 -1.0000000E+00  2.7951892E-23
  3.3697638E+01  0.0000000E+00 -7.9000000E+01  7.9000000E+01 -1.0000000E+00  1.8002109E-23
  3.3983104E+01  0.0000000E+00 -7.9000000E+01  7.9000000E+01 -1.0000000E+00  1.1574754E-23
  3.4269614E+01  0.0000000E+00 -7.9000000E+01  7.9000000E+01 -1.0000000E+00  7.4298596E-24
  3.4557163E+01  0.0000000E+00 -7.9000000E+01  7.9000000E+01 -1.0000000E+00  4.7613935E-24
  3.4845744E+01  0.0000000E+00 -7.9000000E+01  7.9000000E+01 -1.0000000E+00  3.0463261E-24
  3.5135352E+01  0.0000000E+00 -7.9000000E+01  7.9000000E+01 -1.0000000E+00  1.9458608E-24
  3.5425980E+01  0.0000000E+00 -7.9000000E+01  7.9000000E+01 -1.0000000E+00  1.2409217E-24
  3.5717622E+01  0.0000000E+00 -7.9000000E+01  7.9000000E+01 -1.0000000E+00  7.9009338E-25
  3.6010271E+01  0.0000000E+00 -7.9000000E+01  7.9000000E+01 -1.0000000E+00  5.0224783E-25
  3.6303923E+01  0.0000000E+00 -7.9000000E+01  7.9000000E+01 -1.0000000E+00  3.1876268E-25
  3.6598571E+01  0.0000000E+00 -7.9000000E+01  7.9000000E+01 -1.0000000E+00  2.0199043E-25
  3.6894208E+01  0.0000000E+00 -7.9000000E+01  7.9000000E+01 -1.0000000E+00  1.2779450E-25
  3.7190830E+01  0.0000000E+00 -7.9000000E+01  7.9000000E+01 -1.0000000E+00  8.0726420E-26
  3.7488429E+01  0.0000000E+00 -7.9000000E+01  7.9000000E+01 -1.0000000E+00  5.0914975E-26
  3.7787001E+01  0.0000000E+00 -7.9000000E+01  7.9000000E+01 -1.0000000E+00  3.2063119E-26
  3.8086538E+01  0.0000000E+00 -7.9000000E+01  7.9000000E+01 -1.0000000E+00  2.0160462E-26
  3.8387036E+01  0.0000000E+00 -7.9000000E+01  7.9000000E+01 -1.0000000E+00  1.2657087E-26
  3.8688488E+01  0.0000000E+00 -7.9000000E+01  7.9000000E+01 -1.0000000E+00  7.9343194E-27
  3.8990888E+01  0.0000000E+00 -7.9000000E+01  7.9000000E+01 -1.0000000E+00  4.9662920E-27
  3.9294230E+01  0.0000000E+00 -7.9000000E+01  7.9000000E+01 -1.0000000E+00  3.1038843E-27
  3.9598510E+01  0.0000000E+00 -7.9000000E+01  7.9000000E+01 -1.0000000E+00  1.9370174E-27
  3.9903720E+01  0.0000000E+00 -7.9000000E+01  7.9000000E+01 -1.0000000E+00  1.2070360E-27
  4.0209855E+01  0.0000000E+00 -7.9000000E+01  7.9000000E+01 -1.0000000E+00  7.5105138E-28
  4.0516909E+01  0.0000000E+00 -7.9000000E+01  7.9000000E+01 -1.0000000E+00  4.6664406E-28
  4.0824878E+01  0.0000000E+00 -7.9000000E+01  7.9000000E+01 -1.0000000E+00  2.8951592E-28
  4.1133753E+01  0.0000000E+00 -7.9000000E+01  7.9000000E+01 -1.0000000E+00  1.7936336E-28
  4.1443531E+01  0.0000000E+00 -7.9000000E+01  7.9000000E+01 -1.0000000E+00  1.1096180E-28
  4.1754206E+01  0.0000000E+00 -7.9000000E+01  7.9000000E+01 -1.0000000E+00  6.8548131E-29
  4.2065771E+01  0.0000000E+00 -7.9000000E+01  7.9000000E+01 -1.0000000E+00  4.2286721E-29
  4.2378222E+01  0.0000000E+00 -7.9000000E+01  7.9000000E+01 -1.0000000E+00  2.6049689E-29
  4.2691553E+01  0.0000000E+00 -7.9000000E+01  7.9000000E+01 -1.0000000E+00  1.6024889E-29
  4.3005757E+01  0.0000000E+00 -7.9000000E+01  7.9000000E+01 -1.0000000E+00  9.8443114E-30
  4.3320830E+01  0.0000000E+00 -7.9000000E+01  7.9000000E+01 -1.0000000E+00  6.0391701E-30
  4.3636766E+01  0.0000000E+00 -7.9000000E+01  7.9000000E+01 -1.0000000E+00  3.6997688E-30
  4.3953560E+01  0.0000000E+00 -7.9000000E+01  7.9000000E+01 -1.0000000E+00  2.2635031E-30
  4.4271206E+01  0.0000000E+00 -7.9000000E+01  7.9000000E+01 -1.0000000E+00  1.3829310E-30
  4.4589698E+01  0.0000000E+00 -7.9000000E+01  7.9000000E+01 -1.0000000E+00  8.4379436E-31
  4.4909032E+01  0.0000000E+00 -7.9000000E+01  7.9000000E+01 -1.0000000E+00  5.1415386E-31
  4.5229202E+01  0.0000000E+00 -7.9000000E+01  7.9000000E+01 -1.0000000E+00  3.1287701E-31
  4.5550203E+01  0.0000000E+00 -7.9000000E+01  7.9000000E+01 -1.0000000E+00  1.9014370E-31
  4.5872029E+01  0.0000000E+00 -7.9000000E+01  7.9000000E+01 -1.0000000E+00  1.1540421E-31
  4.6194675E+01  0.0000000E+00 -7.9000000E+01  7.9000000E+01 -1.0000000E+00  6.9951399E-32
  4.6518136E+01  0.0000000E+00 -7.9000000E+01  7.9000000E+01 -1.0000000E+00  4.2345748E-32
  4.6842406E+01  0.0000000E+00 -7.9000000E+01  7.9000000E+01 -1.0000000E+00  2.5601503E-32
  4.7167481E+01  0.0000000E+00 -7.9000000E+01  7.9000000E+01 -1.0000000E+00  1.5458485E-32
  4.7493356E+01  0.0000000E+00 -7.9000000E+01  7.9000000E+01 -1.0000000E+00  9.3221865E-33
  4.7820024E+01  0.0000000E+00 -7.9000000E+01  7.9000000E+01 -1.0000000E+00  5.6146353E-33
  4.8147481E+01  0.0000000E+00 -7.9000000E+01  7.9000000E+01 -1.0000000E+00  3.3773941E-33
  4.8475723E+01  0.0000000E+00 -7.9000000E+01  7.9000000E+01 -1.0000000E+00  2.0290925E-33
  4.8804743E+01  0.0000000E+00 -7.9000000E+01  7.9000000E+01 -1.0000000E+00  1.2175459E-33
  4.9134537E+01  0.0000000E+00 -7.9000000E+01  7.9000000E+01 -1.0000000E+00  7.2968544E-34
  4.9465100E+01  0.0000000E+00 -7.9000000E+01  7.9000000E+01 -1.0000000E+00  4.3677351E-34
  4.9796427E+01  0.0000000E+00 -7.9000000E+01  7.9000000E+01 -1.0000000E+00  2.6112628E-34
  5.0128514E+01  0.0000000E+00 -7.9000000E+01  7.9000000E+01 -1.0000000E+00  1.5592722E-34
  5.0461354E+01  0.0000000E+00 -7.9000000E+01  7.9000000E+01 -1.0000000E+00  9.2998025E-35
  5.0794944E+01  0.0000000E+00 -7.9000000E+01  7.9000000E+01 -1.0000000E+00  5.5399941E-35
  5.1129278E+01  0.0000000E+00 -7.9000000E+01  7.9000000E+01 -1.0000000E+00  3.2963399E-35
  5.1464353E+01  0.0000000E+00 -7.9000000E+01  7.9000000E+01 -1.0000000E+00  1.9590480E-35
  5.1800162E+01  0.0000000E+00 -7.9000000E+01  7.9000000E+01 -1.0000000E+00  1.1629255E-35
  5.2136701E+01  0.0000000E+00 -7.9000000E+01  7.9000000E+01 -1.0000000E+00  6.8953392E-36
