 # Test of the spline interpolation (output from subroutine SPLERR)
 #        x                y(x)          y_spline(x)      rel.dif.
   1.0097579000E-07 -9.6862202000E-02 -9.6862197675E-02  4.4654E-08
   2.0392861000E-07 -1.9562074000E-01 -1.9562074296E-01  1.5156E-08
   3.0889716000E-07 -2.9631259000E-01 -2.9631258937E-01  2.1200E-09
   4.1592090000E-07 -3.9897542000E-01 -3.9897541754E-01  6.1561E-09
   5.2504008000E-07 -5.0364764000E-01 -5.0364764545E-01  1.0816E-08
   6.3629572000E-07 -6.1036839000E-01 -6.1036838423E-01  9.4477E-09
   7.4972966000E-07 -7.1917754000E-01 -7.1917754174E-01  2.4163E-09
   8.6538453000E-07 -8.3011573000E-01 -8.3011573679E-01  8.1769E-09
   9.8330383000E-07 -9.4322439000E-01 -9.4322437086E-01  2.0290E-08
   1.1035319000E-06 -1.0585457000E+00 -1.0585457276E+00  2.6110E-08
   1.2261139000E-06 -1.1761227000E+00 -1.1761226771E+00  1.9448E-08
   1.3510960000E-06 -1.2959992000E+00 -1.2959992093E+00  7.1558E-09
   1.4785251000E-06 -1.4182198000E+00 -1.4182197944E+00  3.9713E-09
   1.6084492000E-06 -1.5428301000E+00 -1.5428301246E+00  1.5960E-08
   1.7409171000E-06 -1.6698764000E+00 -1.6698763506E+00  2.9608E-08
   1.8759786000E-06 -1.7994058000E+00 -1.7994058543E+00  3.0157E-08
   2.0136845000E-06 -1.9314666000E+00 -1.9314665636E+00  1.8826E-08
   2.1540865000E-06 -2.0661076000E+00 -2.0661076004E+00  2.0455E-10
   2.2972376000E-06 -2.2033790000E+00 -2.2033790482E+00  2.1876E-08
   2.4431913000E-06 -2.3433314000E+00 -2.3433313114E+00  3.7820E-08
   2.5920028000E-06 -2.4860167000E+00 -2.4860168047E+00  4.2101E-08
   2.7437278000E-06 -2.6314877000E+00 -2.6314876055E+00  3.5907E-08
   2.8984235000E-06 -2.7797980000E+00 -2.7797980544E+00  1.9566E-08
   3.0561480000E-06 -2.9310025000E+00 -2.9310024952E+00  1.6260E-09
   3.2169606000E-06 -3.0851569000E+00 -3.0851568842E+00  5.1316E-09
   3.3809218000E-06 -3.2423179000E+00 -3.2423179075E+00  2.3149E-09
   3.5480932000E-06 -3.4025433000E+00 -3.4025433052E+00  1.5340E-09
   3.7185377000E-06 -3.5658920000E+00 -3.5658919865E+00  3.7886E-09
   3.8923194000E-06 -3.7324239000E+00 -3.7324239221E+00  5.9209E-09
   4.0695035000E-06 -3.9021999000E+00 -3.9021998678E+00  8.2471E-09
   4.2501568000E-06 -4.0752822000E+00 -4.0752822332E+00  8.1570E-09
   4.4343471000E-06 -4.2517340000E+00 -4.2517339801E+00  4.6783E-09
   4.6221437000E-06 -4.4316196000E+00 -4.4316195977E+00  5.2776E-10
   4.8136172000E-06 -4.6150045000E+00 -4.6150045217E+00  4.7005E-09
   5.0088396000E-06 -4.8019554000E+00 -4.8019553818E+00  3.7834E-09
   5.2078843000E-06 -4.9925400000E+00 -4.9925399858E+00  2.8419E-09
   5.4108261000E-06 -5.1868273000E+00 -5.1868273527E+00  1.0153E-08
   5.6177413000E-06 -5.3848876000E+00 -5.3848875313E+00  1.2762E-08
   5.8287078000E-06 -5.5867922000E+00 -5.5867922600E+00  1.0734E-08
   6.0438048000E-06 -5.7926138000E+00 -5.7926137485E+00  8.8893E-09
   6.2631132000E-06 -6.0024262000E+00 -6.0024262492E+00  8.2035E-09
   6.4867155000E-06 -6.2163047000E+00 -6.2163046614E+00  6.2021E-09
   6.7146957000E-06 -6.4343255000E+00 -6.4343255283E+00  4.4055E-09
   6.9471396000E-06 -6.6565664000E+00 -6.6565663718E+00  4.2342E-09
   7.1841346000E-06 -6.8831063000E+00 -6.8831063384E+00  5.5805E-09
   7.4257697000E-06 -7.1140254000E+00 -7.1140253348E+00  9.1615E-09
   7.6721359000E-06 -7.3494053000E+00 -7.3494053815E+00  1.1096E-08
   7.9233256000E-06 -7.5893289000E+00 -7.5893288426E+00  7.5570E-09
   8.1794335000E-06 -7.8338804000E+00 -7.8338804157E+00  2.0100E-09
   8.4405557000E-06 -8.0831452000E+00 -8.0831452128E+00  1.5858E-09
   8.7067905000E-06 -8.3372103000E+00 -8.3372102829E+00  2.0564E-09
   8.9782379000E-06 -8.5961637000E+00 -8.5961636994E+00  7.1114E-11
   9.2550001000E-06 -8.8600951000E+00 -8.8600951053E+00  5.9364E-10
   9.5371810000E-06 -9.1290953000E+00 -9.1290953609E+00  6.6734E-09
   9.8248868000E-06 -9.4032565000E+00 -9.4032562998E+00  2.1294E-08
   1.0118226000E-05 -9.6826723000E+00 -9.6826726320E+00  3.4291E-08
   1.0417308000E-05 -9.9674375000E+00 -9.9674371103E+00  3.9095E-08
   1.0722246000E-05 -1.0257648000E+01 -1.0257648264E+01  2.5765E-08
   1.1033154000E-05 -1.0553402000E+01 -1.0553402071E+01  6.7248E-09
   1.1350150000E-05 -1.0854799000E+01 -1.0854798661E+01  3.1249E-08
   1.1673352000E-05 -1.1161937000E+01 -1.1161937408E+01  3.6528E-08
   1.2002882000E-05 -1.1474919000E+01 -1.1474918510E+01  4.2716E-08
   1.2338864000E-05 -1.1793847000E+01 -1.1793847672E+01  5.6991E-08
   1.2681424000E-05 -1.2118826000E+01 -1.2118825309E+01  5.7052E-08
   1.3030692000E-05 -1.2449960000E+01 -1.2449960319E+01  2.5628E-08
   1.3386798000E-05 -1.2787356000E+01 -1.2787356130E+01  1.0177E-08
   1.3749876000E-05 -1.3131122000E+01 -1.3131121769E+01  1.7586E-08
   1.4120062000E-05 -1.3481365000E+01 -1.3481365062E+01  4.5784E-09
   1.4497497000E-05 -1.3838197000E+01 -1.3838197230E+01  1.6625E-08
   1.4882321000E-05 -1.4201727000E+01 -1.4201726388E+01  4.3066E-08
   1.5274681000E-05 -1.4572068000E+01 -1.4572068759E+01  5.2069E-08
   1.5674722000E-05 -1.4949333000E+01 -1.4949332611E+01  2.6009E-08
   1.6082595000E-05 -1.5333634000E+01 -1.5333633800E+01  1.3046E-08
   1.6498455000E-05 -1.5725087000E+01 -1.5725087417E+01  2.6531E-08
   1.6922456000E-05 -1.6123807000E+01 -1.6123806963E+01  2.2649E-09
   1.7354759000E-05 -1.6529910000E+01 -1.6529909448E+01  3.3399E-08
   1.7795527000E-05 -1.6943512000E+01 -1.6943512826E+01  4.8760E-08
   1.8244924000E-05 -1.7364731000E+01 -1.7364730333E+01  3.8426E-08
   1.8703120000E-05 -1.7793683000E+01 -1.7793683155E+01  8.7072E-09
   1.9170287000E-05 -1.8230487000E+01 -1.8230487479E+01  2.6278E-08
   1.9646600000E-05 -1.8675261000E+01 -1.8675260289E+01  3.8083E-08
   2.0132240000E-05 -1.9128122000E+01 -1.9128122513E+01  2.6806E-08
   2.0627388000E-05 -1.9589188000E+01 -1.9589187541E+01  2.3434E-08
   2.1132231000E-05 -2.0058577000E+01 -2.0058577569E+01  2.8388E-08
   2.1646957000E-05 -2.0536406000E+01 -2.0536405590E+01  1.9954E-08
   2.2171762000E-05 -2.1022792000E+01 -2.1022792058E+01  2.7723E-09
   2.2706842000E-05 -2.1517850000E+01 -2.1517850214E+01  9.9414E-09
   2.3252399000E-05 -2.2021696000E+01 -2.2021695486E+01  2.3351E-08
   2.3808637000E-05 -2.2534442000E+01 -2.2534442836E+01  3.7101E-08
   2.4375765000E-05 -2.3056202000E+01 -2.3056201248E+01  3.2613E-08
   2.4953998000E-05 -2.3587085000E+01 -2.3587085073E+01  3.1159E-09
   2.5543552000E-05 -2.4127200000E+01 -2.4127200757E+01  3.1375E-08
   2.6144648000E-05 -2.4676654000E+01 -2.4676652840E+01  4.7026E-08
   2.6757514000E-05 -2.5235549000E+01 -2.5235549946E+01  3.7487E-08
   2.7382379000E-05 -2.5803988000E+01 -2.5803987574E+01  1.6513E-08
   2.8019478000E-05 -2.6382067000E+01 -2.6382067108E+01  4.0926E-09
   2.8669052000E-05 -2.6969881000E+01 -2.6969880831E+01  6.2506E-09
   2.9331343000E-05 -2.7567518000E+01 -2.7567518348E+01  1.2627E-08
   3.0006601000E-05 -2.8175065000E+01 -2.8175064643E+01  1.2655E-08
   3.0695081000E-05 -2.8792602000E+01 -2.8792602160E+01  5.5555E-09
   3.1397040000E-05 -2.9420203000E+01 -2.9420203004E+01  1.4296E-10
   3.2112743000E-05 -3.0057938000E+01 -3.0057938010E+01  3.4268E-10
   3.2842458000E-05 -3.0705868000E+01 -3.0705868024E+01  7.7175E-10
   3.3586461000E-05 -3.1364049000E+01 -3.1364048875E+01  3.9992E-09
   3.4345031000E-05 -3.2032527000E+01 -3.2032527018E+01  5.4776E-10
   3.5118453000E-05 -3.2711341000E+01 -3.2711341108E+01  3.2877E-09
   3.5907018000E-05 -3.3400521000E+01 -3.3400521082E+01  2.4476E-09
   3.6711022000E-05 -3.4100085000E+01 -3.4100084541E+01  1.3474E-08
   3.7530768000E-05 -3.4810041000E+01 -3.4810041678E+01  1.9490E-08
   3.8366564000E-05 -3.5530387000E+01 -3.5530386460E+01  1.5186E-08
   3.9218724000E-05 -3.6261104000E+01 -3.6261104113E+01  3.1044E-09
   4.0087569000E-05 -3.7002163000E+01 -3.7002163190E+01  5.1423E-09
   4.0973424000E-05 -3.7753518000E+01 -3.7753517915E+01  2.2592E-09
   4.1876624000E-05 -3.8515108000E+01 -3.8515107877E+01  3.2015E-09
   4.2797508000E-05 -3.9286853000E+01 -3.9286852997E+01  8.1895E-11
   4.3736422000E-05 -4.0068656000E+01 -4.0068656209E+01  5.2199E-09
   4.4693719000E-05 -4.0860400000E+01 -4.0860399764E+01  5.7767E-09
   4.5669759000E-05 -4.1661945000E+01 -4.1661945200E+01  4.8050E-09
   4.6664909000E-05 -4.2473129000E+01 -4.2473128826E+01  4.0904E-09
   4.7679543000E-05 -4.3293764000E+01 -4.3293763998E+01  3.6797E-11
   4.8714043000E-05 -4.4123637000E+01 -4.4123637294E+01  6.6545E-09
   4.9768797000E-05 -4.4962505000E+01 -4.4962504303E+01  1.5500E-08
   5.0844203000E-05 -4.5810095000E+01 -4.5810095873E+01  1.9056E-08
   5.1940664000E-05 -4.6666103000E+01 -4.6666102207E+01  1.7001E-08
   5.3058592000E-05 -4.7530186000E+01 -4.7530186576E+01  1.2129E-08
   5.4198409000E-05 -4.8401969000E+01 -4.8401968512E+01  1.0081E-08
   5.5360542000E-05 -4.9281032000E+01 -4.9281032177E+01  3.5937E-09
   5.6545429000E-05 -5.0166917000E+01 -5.0166916987E+01  2.6511E-10
   5.7753514000E-05 -5.1059118000E+01 -5.1059118137E+01  2.6894E-09
   5.8985253000E-05 -5.1957082000E+01 -5.1957081216E+01  1.5098E-08
   6.0241109000E-05 -5.2860203000E+01 -5.2860204032E+01  1.9517E-08
   6.1521552000E-05 -5.3767823000E+01 -5.3767821875E+01  2.0926E-08
   6.2827066000E-05 -5.4679223000E+01 -5.4679223512E+01  9.3592E-09
   6.4158140000E-05 -5.5593625000E+01 -5.5593624772E+01  4.1069E-09
   6.5515276000E-05 -5.6510185000E+01 -5.6510184512E+01  8.6413E-09
   6.6898983000E-05 -5.7427988000E+01 -5.7427988226E+01  3.9286E-09
   6.8309781000E-05 -5.8346049000E+01 -5.8346048621E+01  6.4889E-09
   6.9748202000E-05 -5.9263304000E+01 -5.9263303344E+01  1.1066E-08
   7.1214786000E-05 -6.0178607000E+01 -6.0178606861E+01  2.3135E-09
   7.2710084000E-05 -6.1090730000E+01 -6.1090729636E+01  5.9581E-09
   7.4234658000E-05 -6.1998354000E+01 -6.1998352947E+01  1.6992E-08
   7.5789083000E-05 -6.2900067000E+01 -6.2900066476E+01  8.3358E-09
   7.7373941000E-05 -6.3794361000E+01 -6.3794359772E+01  1.9243E-08
   7.8989830000E-05 -6.4679630000E+01 -6.4679628501E+01  2.3178E-08
   8.0637356000E-05 -6.5554166000E+01 -6.5554164709E+01  1.9688E-08
   8.2317139000E-05 -6.6416161000E+01 -6.6416158388E+01  3.9323E-08
   8.4029810000E-05 -6.7263702000E+01 -6.7263699441E+01  3.8046E-08
   8.5776014000E-05 -6.8094780000E+01 -6.8094776410E+01  5.2719E-08
   8.7556407000E-05 -6.8907290000E+01 -6.8907285556E+01  6.4495E-08
   8.9371658000E-05 -6.9699041000E+01 -6.9699035389E+01  8.0509E-08
   9.1222451000E-05 -7.0467769000E+01 -7.0467761629E+01  1.0460E-07
   9.3109480000E-05 -7.1211153000E+01 -7.1211144627E+01  1.1758E-07
   9.5033455000E-05 -7.1926843000E+01 -7.1926831690E+01  1.5724E-07
   9.6995099000E-05 -7.2612486000E+01 -7.2612472262E+01  1.8919E-07
   9.8995151000E-05 -7.3265774000E+01 -7.3265758397E+01  2.1297E-07
   1.0103436000E-04 -7.3884493000E+01 -7.3884472388E+01  2.7898E-07
   1.0311350000E-04 -7.4466585000E+01 -7.4466563706E+01  2.8596E-07
   1.0523334000E-04 -7.5010223000E+01 -7.5010196796E+01  3.4934E-07
   1.0739469000E-04 -7.5513891000E+01 -7.5513863080E+01  3.6974E-07
   1.0959836000E-04 -7.5976471000E+01 -7.5976442834E+01  3.7072E-07
   1.1184517000E-04 -7.6397330000E+01 -7.6397302008E+01  3.6640E-07
   1.1413597000E-04 -7.6776391000E+01 -7.6776366380E+01  3.2067E-07
   1.1647162000E-04 -7.7114186000E+01 -7.7114167541E+01  2.3937E-07
   1.1885300000E-04 -7.7411879000E+01 -7.7411868779E+01  1.3203E-07
   1.2128101000E-04 -7.7671245000E+01 -7.7671245357E+01  4.5963E-09
   1.2375656000E-04 -7.7894609000E+01 -7.7894621055E+01  1.5476E-07
   1.2628057000E-04 -7.8084745000E+01 -7.8084767801E+01  2.9201E-07
   1.2885400000E-04 -7.8244747000E+01 -7.8244780333E+01  4.2601E-07
   1.3147782000E-04 -7.8377885000E+01 -7.8377924756E+01  5.0724E-07
   1.3415301000E-04 -7.8487461000E+01 -7.8487506695E+01  5.8219E-07
   1.3688058000E-04 -7.8576691000E+01 -7.8576737534E+01  5.9221E-07
   1.3966154000E-04 -7.8648599000E+01 -7.8648645873E+01  5.9598E-07
   1.4249696000E-04 -7.8705956000E+01 -7.8706000465E+01  5.6495E-07
   1.4538789000E-04 -7.8751234000E+01 -7.8751273974E+01  5.0760E-07
   1.4833543000E-04 -7.8786594000E+01 -7.8786631314E+01  4.7361E-07
   1.5134067000E-04 -7.8813895000E+01 -7.8813926092E+01  3.9450E-07
   1.5440475000E-04 -7.8834703000E+01 -7.8834730532E+01  3.4923E-07
   1.5752883000E-04 -7.8850326000E+01 -7.8850348879E+01  2.9016E-07
   1.6071407000E-04 -7.8861840000E+01 -7.8861859291E+01  2.4462E-07
   1.6396167000E-04 -7.8870121000E+01 -7.8870136530E+01  1.9691E-07
   1.6727286000E-04 -7.8875874000E+01 -7.8875886756E+01  1.6172E-07
   1.7064887000E-04 -7.8879663000E+01 -7.8879673355E+01  1.3127E-07
   1.7409099000E-04 -7.8881935000E+01 -7.8881943341E+01  1.0575E-07
   1.7760050000E-04 -7.8883040000E+01 -7.8883045982E+01  7.5840E-08
   1.8117872000E-04 -7.8883250000E+01 -7.8883255699E+01  7.2245E-08
   1.8482700000E-04 -7.8882778000E+01 -7.8882781583E+01  4.5424E-08
   1.8854671000E-04 -7.8881784000E+01 -7.8881787153E+01  3.9976E-08
   1.9233924000E-04 -7.8880391000E+01 -7.8880393238E+01  2.8378E-08
   1.9620603000E-04 -7.8878692000E+01 -7.8878693952E+01  2.4744E-08
   2.0014853000E-04 -7.8876757000E+01 -7.8876758194E+01  1.5142E-08
   2.0416822000E-04 -7.8874637000E+01 -7.8874638138E+01  1.4422E-08
   2.0826660000E-04 -7.8872370000E+01 -7.8872370631E+01  8.0012E-09
   2.1244523000E-04 -7.8869983000E+01 -7.8869983566E+01  7.1799E-09
   2.1670567000E-04 -7.8867496000E+01 -7.8867496564E+01  7.1480E-09
   2.2104953000E-04 -7.8864923000E+01 -7.8864922920E+01  1.0163E-09
   2.2547843000E-04 -7.8862273000E+01 -7.8862273670E+01  8.4956E-09
   2.2999405000E-04 -7.8859554000E+01 -7.8859553834E+01  2.1005E-09
   2.3459808000E-04 -7.8856769000E+01 -7.8856769186E+01  2.3602E-09
   2.3929225000E-04 -7.8853921000E+01 -7.8853921025E+01  3.2126E-10
   2.4407832000E-04 -7.8851012000E+01 -7.8851012255E+01  3.2333E-09
   2.4895810000E-04 -7.8848043000E+01 -7.8848042841E+01  2.0203E-09
   2.5393342000E-04 -7.8845013000E+01 -7.8845012981E+01  2.4433E-10
   2.5900615000E-04 -7.8841922000E+01 -7.8841922298E+01  3.7833E-09
   2.6417820000E-04 -7.8838770000E+01 -7.8838769656E+01  4.3683E-09
   2.6945151000E-04 -7.8835555000E+01 -7.8835555239E+01  3.0345E-09
   2.7482807000E-04 -7.8832277000E+01 -7.8832276842E+01  2.0085E-09
   2.8030989000E-04 -7.8828935000E+01 -7.8828935395E+01  5.0060E-09
   2.8589904000E-04 -7.8825528000E+01 -7.8825527359E+01  8.1258E-09
   2.9159762000E-04 -7.8822053000E+01 -7.8822053502E+01  6.3696E-09
   2.9740777000E-04 -7.8818511000E+01 -7.8818510933E+01  8.5264E-10
   3.0333167000E-04 -7.8814900000E+01 -7.8814899696E+01  3.8626E-09
   3.0937156000E-04 -7.8811218000E+01 -7.8811218477E+01  6.0509E-09
   3.1552970000E-04 -7.8807465000E+01 -7.8807464629E+01  4.7100E-09
   3.2180841000E-04 -7.8803638000E+01 -7.8803638125E+01  1.5908E-09
   3.2821004000E-04 -7.8799736000E+01 -7.8799735882E+01  1.5024E-09
   3.3473701000E-04 -7.8795758000E+01 -7.8795758368E+01  4.6685E-09
   3.4139178000E-04 -7.8791703000E+01 -7.8791702441E+01  7.0959E-09
   3.4817683000E-04 -7.8787568000E+01 -7.8787568602E+01  7.6346E-09
   3.5509472000E-04 -7.8783353000E+01 -7.8783352397E+01  7.6500E-09
   3.6214806000E-04 -7.8779055000E+01 -7.8779055550E+01  6.9752E-09
   3.6933949000E-04 -7.8774674000E+01 -7.8774673652E+01  4.4128E-09
   3.7667173000E-04 -7.8770207000E+01 -7.8770206968E+01  4.0717E-10
   3.8414751000E-04 -7.8765653000E+01 -7.8765653508E+01  6.4522E-09
   3.9176966000E-04 -7.8761011000E+01 -7.8761010186E+01  1.0339E-08
   3.9954104000E-04 -7.8756277000E+01 -7.8756277657E+01  8.3402E-09
   4.0746458000E-04 -7.8751452000E+01 -7.8751451911E+01  1.1317E-09
   4.1554324000E-04 -7.8746533000E+01 -7.8746532585E+01  5.2656E-09
   4.2378008000E-04 -7.8741517000E+01 -7.8741517526E+01  6.6812E-09
   4.3217817000E-04 -7.8736404000E+01 -7.8736403553E+01  5.6821E-09
   4.4074070000E-04 -7.8731191000E+01 -7.8731191420E+01  5.3319E-09
   4.4947086000E-04 -7.8725877000E+01 -7.8725876578E+01  5.3619E-09
   4.5837194000E-04 -7.8720459000E+01 -7.8720459414E+01  5.2626E-09
   4.6744730000E-04 -7.8714936000E+01 -7.8714935594E+01  5.1610E-09
   4.7670034000E-04 -7.8709305000E+01 -7.8709305358E+01  4.5475E-09
   4.8613453000E-04 -7.8703565000E+01 -7.8703564797E+01  2.5766E-09
   4.9575344000E-04 -7.8697713000E+01 -7.8697713003E+01  3.4882E-11
   5.0556066000E-04 -7.8691747000E+01 -7.8691747182E+01  2.3156E-09
   5.1555990000E-04 -7.8685665000E+01 -7.8685664657E+01  4.3637E-09
   5.2575490000E-04 -7.8679464000E+01 -7.8679464345E+01  4.3902E-09
   5.3614951000E-04 -7.8673143000E+01 -7.8673142806E+01  2.4704E-09
   5.4674763000E-04 -7.8666699000E+01 -7.8666698978E+01  2.7648E-10
   5.5755323000E-04 -7.8660130000E+01 -7.8660130285E+01  3.6184E-09
   5.6857040000E-04 -7.8653434000E+01 -7.8653433677E+01  4.1084E-09
   5.7980326000E-04 -7.8646607000E+01 -7.8646607113E+01  1.4308E-09
   5.9125605000E-04 -7.8639647000E+01 -7.8639646897E+01  1.3106E-09
   6.0293305000E-04 -7.8632552000E+01 -7.8632552299E+01  3.7964E-09
   6.1483868000E-04 -7.8625320000E+01 -7.8625319715E+01  3.6214E-09
   6.2697739000E-04 -7.8617947000E+01 -7.8617946946E+01  6.8348E-10
   6.3935376000E-04 -7.8610431000E+01 -7.8610431543E+01  6.9021E-09
   6.5197244000E-04 -7.8602770000E+01 -7.8602769058E+01  1.1984E-08
   6.6483816000E-04 -7.8594959000E+01 -7.8594960136E+01  1.4451E-08
   6.7795578000E-04 -7.8586998000E+01 -7.8586996887E+01  1.4165E-08
   6.9133021000E-04 -7.8578881000E+01 -7.8578881762E+01  9.6966E-09
   7.0496649000E-04 -7.8570608000E+01 -7.8570607794E+01  2.6209E-09
   7.1886974000E-04 -7.8562175000E+01 -7.8562174965E+01  4.4373E-10
   7.3304519000E-04 -7.8553578000E+01 -7.8553577888E+01  1.4276E-09
   7.4749817000E-04 -7.8544814000E+01 -7.8544814078E+01  9.8728E-10
   7.6223411000E-04 -7.8535881000E+01 -7.8535881239E+01  3.0373E-09
   7.7725855000E-04 -7.8526776000E+01 -7.8526775736E+01  3.3676E-09
   7.9257713000E-04 -7.8517494000E+01 -7.8517493908E+01  1.1660E-09
   8.0819563000E-04 -7.8508032000E+01 -7.8508032256E+01  3.2639E-09
   8.2411990000E-04 -7.8498388000E+01 -7.8498387891E+01  1.3910E-09
   8.4035593000E-04 -7.8488558000E+01 -7.8488558123E+01  1.5608E-09
   8.5690984000E-04 -7.8478538000E+01 -7.8478537572E+01  5.4479E-09
   8.7378783000E-04 -7.8468324000E+01 -7.8468324763E+01  9.7297E-09
   8.9099626000E-04 -7.8457914000E+01 -7.8457912994E+01  1.2825E-08
   9.0854159000E-04 -7.8447302000E+01 -7.8447303163E+01  1.4822E-08
   9.2643042000E-04 -7.8436487000E+01 -7.8436485826E+01  1.4971E-08
   9.4466947000E-04 -7.8425462000E+01 -7.8425462981E+01  1.2508E-08
   9.6326561000E-04 -7.8414226000E+01 -7.8414225359E+01  8.1721E-09
   9.8222581000E-04 -7.8402773000E+01 -7.8402773247E+01  3.1552E-09
   1.0015572000E-03 -7.8391100000E+01 -7.8391100078E+01  9.9228E-10
   1.0212671000E-03 -7.8379203000E+01 -7.8379202844E+01  1.9940E-09
   1.0413628000E-03 -7.8367077000E+01 -7.8367077018E+01  2.2856E-10
   1.0618520000E-03 -7.8354718000E+01 -7.8354718141E+01  1.7979E-09
   1.0827423000E-03 -7.8342122000E+01 -7.8342121778E+01  2.8298E-09
   1.1040415000E-03 -7.8329284000E+01 -7.8329284237E+01  3.0247E-09
   1.1257578000E-03 -7.8316200000E+01 -7.8316199752E+01  3.1697E-09
   1.1478992000E-03 -7.8302865000E+01 -7.8302865249E+01  3.1844E-09
   1.1704741000E-03 -7.8289275000E+01 -7.8289274684E+01  4.0306E-09
   1.1934909000E-03 -7.8275425000E+01 -7.8275425548E+01  7.0032E-09
   1.2169583000E-03 -7.8261311000E+01 -7.8261310295E+01  9.0067E-09
   1.2408852000E-03 -7.8246926000E+01 -7.8246926606E+01  7.7458E-09
   1.2652805000E-03 -7.8232267000E+01 -7.8232266500E+01  6.3919E-09
   1.2901534000E-03 -7.8217328000E+01 -7.8217328545E+01  6.9635E-09
   1.3155132000E-03 -7.8202105000E+01 -7.8202104496E+01  6.4434E-09
   1.3413695000E-03 -7.8186591000E+01 -7.8186591181E+01  2.3179E-09
   1.3677320000E-03 -7.8170782000E+01 -7.8170782221E+01  2.8228E-09
   1.3946106000E-03 -7.8154673000E+01 -7.8154672693E+01  3.9345E-09
   1.4220154000E-03 -7.8138257000E+01 -7.8138257110E+01  1.4041E-09
   1.4499567000E-03 -7.8121529000E+01 -7.8121528867E+01  1.6968E-09
   1.4784450000E-03 -7.8104484000E+01 -7.8104484427E+01  5.4652E-09
   1.5074910000E-03 -7.8087117000E+01 -7.8087116577E+01  5.4156E-09
   1.5371057000E-03 -7.8069420000E+01 -7.8069419982E+01  2.2745E-10
   1.5673001000E-03 -7.8051388000E+01 -7.8051388483E+01  6.1867E-09
   1.5980856000E-03 -7.8033016000E+01 -7.8033015267E+01  9.3920E-09
   1.6294738000E-03 -7.8014296000E+01 -7.8014296760E+01  9.7364E-09
   1.6614765000E-03 -7.7995224000E+01 -7.7995223350E+01  8.3280E-09
   1.6941057000E-03 -7.7975792000E+01 -7.7975792538E+01  6.8932E-09
   1.7273736000E-03 -7.7955995000E+01 -7.7955994658E+01  4.3851E-09
   1.7612929000E-03 -7.7935825000E+01 -7.7935825026E+01  3.3884E-10
   1.7958761000E-03 -7.7915276000E+01 -7.7915276128E+01  1.6484E-09
   1.8311364000E-03 -7.7894342000E+01 -7.7894341935E+01  8.3734E-10
   1.8670869000E-03 -7.7873016000E+01 -7.7873016019E+01  2.4981E-10
   1.9037412000E-03 -7.7851291000E+01 -7.7851290962E+01  4.9306E-10
   1.9411131000E-03 -7.7829160000E+01 -7.7829160138E+01  1.7754E-09
   1.9792165000E-03 -7.7806616000E+01 -7.7806615759E+01  3.0933E-09
   2.0180659000E-03 -7.7783651000E+01 -7.7783651026E+01  3.3132E-10
   2.0576758000E-03 -7.7760259000E+01 -7.7760259548E+01  7.0439E-09
   2.0980611000E-03 -7.7736433000E+01 -7.7736431911E+01  1.4013E-08
   2.1392370000E-03 -7.7712163000E+01 -7.7712164307E+01  1.6814E-08
   2.1812190000E-03 -7.7687445000E+01 -7.7687443776E+01  1.5750E-08
   2.2240228000E-03 -7.7662268000E+01 -7.7662268991E+01  1.2758E-08
   2.2676645000E-03 -7.7636627000E+01 -7.7636626347E+01  8.4087E-09
   2.3121605000E-03 -7.7610512000E+01 -7.7610512281E+01  3.6235E-09
   2.3575275000E-03 -7.7583916000E+01 -7.7583915908E+01  1.1920E-09
   2.4037827000E-03 -7.7556831000E+01 -7.7556831131E+01  1.6882E-09
   2.4509433000E-03 -7.7529249000E+01 -7.7529248867E+01  1.7138E-09
   2.4990271000E-03 -7.7501161000E+01 -7.7501160966E+01  4.4494E-10
   2.5480521000E-03 -7.7472559000E+01 -7.7472559203E+01  2.6230E-09
   2.5980369000E-03 -7.7443435000E+01 -7.7443434681E+01  4.1173E-09
   2.6490001000E-03 -7.7413780000E+01 -7.7413780573E+01  7.3977E-09
   2.7009609000E-03 -7.7383586000E+01 -7.7383585188E+01  1.0489E-08
   2.7539389000E-03 -7.7352842000E+01 -7.7352842629E+01  8.1305E-09
   2.8079538000E-03 -7.7321542000E+01 -7.7321541873E+01  1.6399E-09
   2.8630262000E-03 -7.7289676000E+01 -7.7289675917E+01  1.0773E-09
   2.9191765000E-03 -7.7257234000E+01 -7.7257233866E+01  1.7360E-09
   2.9764260000E-03 -7.7224207000E+01 -7.7224207265E+01  3.4282E-09
   3.0347962000E-03 -7.7190587000E+01 -7.7190586919E+01  1.0478E-09
   3.0943089000E-03 -7.7156364000E+01 -7.7156363943E+01  7.4240E-10
   3.1549865000E-03 -7.7121528000E+01 -7.7121527866E+01  1.7385E-09
   3.2168518000E-03 -7.7086070000E+01 -7.7086070572E+01  7.4201E-09
   3.2799282000E-03 -7.7049981000E+01 -7.7049980090E+01  1.1809E-08
   3.3442392000E-03 -7.7013249000E+01 -7.7013249909E+01  1.1799E-08
   3.4098090000E-03 -7.6975867000E+01 -7.6975866356E+01  8.3694E-09
   3.4766623000E-03 -7.6937823000E+01 -7.6937823384E+01  4.9852E-09
   3.5448241000E-03 -7.6899108000E+01 -7.6899107862E+01  1.7960E-09
   3.6143202000E-03 -7.6859711000E+01 -7.6859710782E+01  2.8384E-09
   3.6851765000E-03 -7.6819622000E+01 -7.6819622526E+01  6.8512E-09
   3.7574198000E-03 -7.6778832000E+01 -7.6778831396E+01  7.8662E-09
   3.8310771000E-03 -7.6737329000E+01 -7.6737329562E+01  7.3296E-09
   3.9061761000E-03 -7.6695104000E+01 -7.6695103576E+01  5.5346E-09
   3.9827451000E-03 -7.6652145000E+01 -7.6652145281E+01  3.6643E-09
   4.0608128000E-03 -7.6608442000E+01 -7.6608441719E+01  3.6658E-09
   4.1404084000E-03 -7.6563984000E+01 -7.6563984339E+01  4.4233E-09
   4.2215620000E-03 -7.6518761000E+01 -7.6518760802E+01  2.5908E-09
   4.3043040000E-03 -7.6472761000E+01 -7.6472760949E+01  6.6535E-10
   4.3886655000E-03 -7.6425973000E+01 -7.6425973017E+01  2.2062E-10
   4.4746781000E-03 -7.6378387000E+01 -7.6378387379E+01  4.9602E-09
   4.5623742000E-03 -7.6329992000E+01 -7.6329991252E+01  9.8035E-09
   4.6517867000E-03 -7.6280775000E+01 -7.6280775936E+01  1.2272E-08
   4.7429492000E-03 -7.6230727000E+01 -7.6230726053E+01  1.2427E-08
   4.8358960000E-03 -7.6179834000E+01 -7.6179834771E+01  1.0127E-08
   4.9306619000E-03 -7.6128087000E+01 -7.6128086525E+01  6.2414E-09
   5.0272825000E-03 -7.6075473000E+01 -7.6075473237E+01  3.1092E-09
   5.1257941000E-03 -7.6021981000E+01 -7.6021980951E+01  6.4232E-10
   5.2262337000E-03 -7.5967599000E+01 -7.5967598902E+01  1.2949E-09
   5.3286391000E-03 -7.5912315000E+01 -7.5912315077E+01  1.0198E-09
   5.4330486000E-03 -7.5856118000E+01 -7.5856118158E+01  2.0800E-09
   5.5395015000E-03 -7.5798996000E+01 -7.5798995670E+01  4.3510E-09
   5.6480378000E-03 -7.5740936000E+01 -7.5740936332E+01  4.3814E-09
   5.7586982000E-03 -7.5681927000E+01 -7.5681926807E+01  2.5458E-09
   5.8715243000E-03 -7.5621956000E+01 -7.5621956003E+01  3.5821E-11
   5.9865584000E-03 -7.5561011000E+01 -7.5561011149E+01  1.9725E-09
   6.1038438000E-03 -7.5499080000E+01 -7.5499079842E+01  2.0923E-09
   6.2234244000E-03 -7.5436150000E+01 -7.5436149984E+01  2.1484E-10
   6.3453452000E-03 -7.5372209000E+01 -7.5372209279E+01  3.7043E-09
   6.4696519000E-03 -7.5307245000E+01 -7.5307244662E+01  4.4942E-09
   6.5963912000E-03 -7.5241244000E+01 -7.5241244202E+01  2.6782E-09
   6.7256107000E-03 -7.5174194000E+01 -7.5174193956E+01  5.9163E-10
   6.8573589000E-03 -7.5106082000E+01 -7.5106081946E+01  7.1322E-10
   6.9916852000E-03 -7.5036895000E+01 -7.5036895209E+01  2.7788E-09
   7.1286401000E-03 -7.4966620000E+01 -7.4966619597E+01  5.3781E-09
   7.2682750000E-03 -7.4895243000E+01 -7.4895243555E+01  7.4144E-09
   7.4106423000E-03 -7.4822752000E+01 -7.4822751391E+01  8.1434E-09
   7.5557954000E-03 -7.4749132000E+01 -7.4749132574E+01  7.6740E-09
   7.7037888000E-03 -7.4674371000E+01 -7.4674370528E+01  6.3202E-09
   7.8546781000E-03 -7.4598454000E+01 -7.4598454431E+01  5.7759E-09
   8.0085199000E-03 -7.4521368000E+01 -7.4521367528E+01  6.3370E-09
   8.1653719000E-03 -7.4443098000E+01 -7.4443098555E+01  7.4527E-09
   8.3252930000E-03 -7.4363631000E+01 -7.4363630440E+01  7.5364E-09
   8.4883432000E-03 -7.4282951000E+01 -7.4282951347E+01  4.6687E-09
   8.6545837000E-03 -7.4201045000E+01 -7.4201044998E+01  2.8080E-11
   8.8240768000E-03 -7.4117898000E+01 -7.4117897913E+01  1.1714E-09
   8.9968862000E-03 -7.4033494000E+01 -7.4033493824E+01  2.3748E-09
   9.1730768000E-03 -7.3947818000E+01 -7.3947818376E+01  5.0860E-09
   9.3527145000E-03 -7.3860856000E+01 -7.3860855752E+01  3.3511E-09
   9.5358668000E-03 -7.3772591000E+01 -7.3772591040E+01  5.3728E-10
   9.7226025000E-03 -7.3683007000E+01 -7.3683007002E+01  2.1279E-11
   9.9129916000E-03 -7.3592088000E+01 -7.3592087916E+01  1.1374E-09
   1.0107105000E-02 -7.3499818000E+01 -7.3499818230E+01  3.1331E-09
   1.0305017000E-02 -7.3406180000E+01 -7.3406179648E+01  4.7997E-09
   1.0506800000E-02 -7.3311157000E+01 -7.3311157398E+01  5.4262E-09
   1.0712531000E-02 -7.3214732000E+01 -7.3214731704E+01  4.0421E-09
   1.0922287000E-02 -7.3116886000E+01 -7.3116886013E+01  1.8128E-10
   1.1136145000E-02 -7.3017602000E+01 -7.3017602045E+01  6.1627E-10
   1.1354188000E-02 -7.2916861000E+01 -7.2916861078E+01  1.0727E-09
   1.1576496000E-02 -7.2814645000E+01 -7.2814644949E+01  7.0367E-10
   1.1803152000E-02 -7.2710934000E+01 -7.2710933588E+01  5.6722E-09
   1.2034242000E-02 -7.2605708000E+01 -7.2605708817E+01  1.1254E-08
   1.2269853000E-02 -7.2498949000E+01 -7.2498948251E+01  1.0325E-08
   1.2510072000E-02 -7.2390634000E+01 -7.2390634145E+01  1.9977E-09
   1.2754990000E-02 -7.2280743000E+01 -7.2280743290E+01  4.0144E-09
   1.3004698000E-02 -7.2169256000E+01 -7.2169255613E+01  5.3563E-09
   1.3259291000E-02 -7.2056149000E+01 -7.2056149176E+01  2.4438E-09
   1.3518863000E-02 -7.1941401000E+01 -7.1941400804E+01  2.7234E-09
   1.3783512000E-02 -7.1824989000E+01 -7.1824989255E+01  3.5513E-09
   1.4053338000E-02 -7.1706890000E+01 -7.1706889745E+01  3.5596E-09
   1.4328440000E-02 -7.1587080000E+01 -7.1587080032E+01  4.4571E-10
   1.4608923000E-02 -7.1465534000E+01 -7.1465533874E+01  1.7698E-09
   1.4894891000E-02 -7.1342228000E+01 -7.1342228153E+01  2.1502E-09
   1.5186452000E-02 -7.1217137000E+01 -7.1217136878E+01  1.7094E-09
   1.5483714000E-02 -7.1090235000E+01 -7.1090234771E+01  3.2202E-09
   1.5786790000E-02 -7.0961495000E+01 -7.0961495356E+01  5.0226E-09
   1.6095792000E-02 -7.0830892000E+01 -7.0830891510E+01  6.9126E-09
   1.6410837000E-02 -7.0698397000E+01 -7.0698397273E+01  3.8649E-09
   1.6732042000E-02 -7.0563984000E+01 -7.0563983901E+01  1.4021E-09
   1.7059528000E-02 -7.0427624000E+01 -7.0427623658E+01  4.8559E-09
   1.7393418000E-02 -7.0289288000E+01 -7.0289288422E+01  5.9976E-09
   1.7733836000E-02 -7.0148949000E+01 -7.0148948557E+01  6.3182E-09
   1.8080910000E-02 -7.0006576000E+01 -7.0006576067E+01  9.5914E-10
   1.8434770000E-02 -6.9862140000E+01 -6.9862139803E+01  2.8229E-09
   1.8795548000E-02 -6.9715612000E+01 -6.9715612437E+01  6.2706E-09
   1.9163380000E-02 -6.9566962000E+01 -6.9566961168E+01  1.1958E-08
   1.9538402000E-02 -6.9416158000E+01 -6.9416158420E+01  6.0546E-09
   1.9920757000E-02 -6.9263171000E+01 -6.9263170955E+01  6.4745E-10
   2.0310586000E-02 -6.9107971000E+01 -6.9107970684E+01  4.5662E-09
   2.0708035000E-02 -6.8950526000E+01 -6.8950525805E+01  2.8273E-09
   2.1113254000E-02 -6.8790806000E+01 -6.8790806624E+01  9.0678E-09
   2.1526394000E-02 -6.8628782000E+01 -6.8628780861E+01  1.6598E-08
   2.1947609000E-02 -6.8464421000E+01 -6.8464421862E+01  1.2591E-08
   2.2377057000E-02 -6.8297696000E+01 -6.8297695448E+01  8.0879E-09
   2.2814899000E-02 -6.8128575000E+01 -6.8128574829E+01  2.5131E-09
   2.3261298000E-02 -6.7957029000E+01 -6.7957029246E+01  3.6128E-09
   2.3716422000E-02 -6.7783030000E+01 -6.7783029658E+01  5.0410E-09
   2.4180440000E-02 -6.7606549000E+01 -6.7606548971E+01  4.3587E-10
   2.4653527000E-02 -6.7427558000E+01 -6.7427557939E+01  9.0237E-10
   2.5135858000E-02 -6.7246031000E+01 -6.7246030927E+01  1.0886E-09
   2.5627615000E-02 -6.7061941000E+01 -6.7061940889E+01  1.6543E-09
   2.6128980000E-02 -6.6875263000E+01 -6.6875262697E+01  4.5245E-09
   2.6640143000E-02 -6.6685972000E+01 -6.6685972499E+01  7.4767E-09
   2.7161292000E-02 -6.6494047000E+01 -6.6494046092E+01  1.3659E-08
   2.7692624000E-02 -6.6299463000E+01 -6.6299463674E+01  1.0159E-08
   2.8234337000E-02 -6.6102202000E+01 -6.6102201550E+01  6.8028E-09
   2.8786633000E-02 -6.5902243000E+01 -6.5902242915E+01  1.2881E-09
   2.9349718000E-02 -6.5699568000E+01 -6.5699568008E+01  1.2778E-10
   2.9923803000E-02 -6.5494161000E+01 -6.5494161042E+01  6.3660E-10
   3.0509102000E-02 -6.5286007000E+01 -6.5286006675E+01  4.9750E-09
   3.1105833000E-02 -6.5075092000E+01 -6.5075092084E+01  1.2972E-09
   3.1714220000E-02 -6.4861405000E+01 -6.4861405191E+01  2.9395E-09
   3.2334490000E-02 -6.4644936000E+01 -6.4644935317E+01  1.0559E-08
   3.2966873000E-02 -6.4425676000E+01 -6.4425676882E+01  1.3687E-08
   3.3611607000E-02 -6.4203620000E+01 -6.4203619153E+01  1.3195E-08
   3.4268930000E-02 -6.3978761000E+01 -6.3978761172E+01  2.6836E-09
   3.4939090000E-02 -6.3751097000E+01 -6.3751097583E+01  9.1426E-09
   3.5622336000E-02 -6.3520628000E+01 -6.3520627005E+01  1.5660E-08
   3.6318921000E-02 -6.3287352000E+01 -6.3287352858E+01  1.3559E-08
   3.7029108000E-02 -6.3051273000E+01 -6.3051272571E+01  6.8102E-09
   3.7753159000E-02 -6.2812394000E+01 -6.2812394143E+01  2.2700E-09
   3.8491345000E-02 -6.2570720000E+01 -6.2570719944E+01  8.9908E-10
   3.9243941000E-02 -6.2326258000E+01 -6.2326258324E+01  5.1907E-09
   4.0011228000E-02 -6.2079016000E+01 -6.2079015646E+01  5.7048E-09
   4.0793491000E-02 -6.1829002000E+01 -6.1829002349E+01  5.6405E-09
   4.1591022000E-02 -6.1576227000E+01 -6.1576226895E+01  1.7089E-09
   4.2404117000E-02 -6.1320702000E+01 -6.1320702298E+01  4.8596E-09
   4.3233081000E-02 -6.1062438000E+01 -6.1062437722E+01  4.5527E-09
   4.4078220000E-02 -6.0801447000E+01 -6.0801447444E+01  7.2943E-09
   4.4939850000E-02 -6.0537742000E+01 -6.0537741705E+01  4.8744E-09
   4.5818291000E-02 -6.0271335000E+01 -6.0271335533E+01  8.8440E-09
   4.6713871000E-02 -6.0002239000E+01 -6.0002238633E+01  6.1244E-09
   4.7626922000E-02 -5.9730465000E+01 -5.9730465566E+01  9.4812E-09
   4.8557784000E-02 -5.9456025000E+01 -5.9456024561E+01  7.3836E-09
   4.9506803000E-02 -5.9178928000E+01 -5.9178928352E+01  5.9560E-09
   5.0474332000E-02 -5.8899185000E+01 -5.8899185241E+01  4.0869E-09
   5.1460731000E-02 -5.8616804000E+01 -5.8616803782E+01  3.7164E-09
   5.2466366000E-02 -5.8331790000E+01 -5.8331790246E+01  4.2251E-09
   5.3491610000E-02 -5.8044148000E+01 -5.8044147771E+01  3.9493E-09
   5.4536845000E-02 -5.7753880000E+01 -5.7753880312E+01  5.3997E-09
   5.5602458000E-02 -5.7460988000E+01 -5.7460987986E+01  2.4267E-10
   5.6688846000E-02 -5.7165469000E+01 -5.7165468851E+01  2.6048E-09
   5.7796411000E-02 -5.6867318000E+01 -5.6867318040E+01  7.0209E-10
   5.8925565000E-02 -5.6566528000E+01 -5.6566527860E+01  2.4810E-09
   6.0076725000E-02 -5.6263090000E+01 -5.6263090305E+01  5.4289E-09
   6.1250320000E-02 -5.5956991000E+01 -5.5956990150E+01  1.5196E-08
   6.2446785000E-02 -5.5648214000E+01 -5.5648214653E+01  1.1732E-08
   6.3666562000E-02 -5.5336744000E+01 -5.5336743408E+01  1.0690E-08
   6.4910104000E-02 -5.5022558000E+01 -5.5022557749E+01  4.5649E-09
   6.6177871000E-02 -5.4705633000E+01 -5.4705633055E+01  1.0016E-09
   6.7470334000E-02 -5.4385944000E+01 -5.4385943282E+01  1.3197E-08
   6.8787970000E-02 -5.4063463000E+01 -5.4063463245E+01  4.5312E-09
   7.0131267000E-02 -5.3738162000E+01 -5.3738160963E+01  1.9289E-08
   7.1500722000E-02 -5.3410009000E+01 -5.3410009408E+01  7.6446E-09
   7.2896843000E-02 -5.3078974000E+01 -5.3078972868E+01  2.1335E-08
   7.4320144000E-02 -5.2745023000E+01 -5.2745022852E+01  2.8112E-09
   7.5771153000E-02 -5.2408125000E+01 -5.2408124535E+01  8.8766E-09
   7.7250405000E-02 -5.2068249000E+01 -5.2068248305E+01  1.3349E-08
   7.8758447000E-02 -5.1725364000E+01 -5.1725363596E+01  7.8034E-09
   8.0295836000E-02 -5.1379442000E+01 -5.1379441199E+01  1.5587E-08
   8.1863139000E-02 -5.1030457000E+01 -5.1030456633E+01  7.1933E-09
   8.3460935000E-02 -5.0678387000E+01 -5.0678386067E+01  1.8409E-08
   8.5089813000E-02 -5.0323213000E+01 -5.0323212673E+01  6.5054E-09
   8.6750374000E-02 -4.9964922000E+01 -4.9964920971E+01  2.0597E-08
   8.8443230000E-02 -4.9603505000E+01 -4.9603504763E+01  4.7742E-09
   9.0169004000E-02 -4.9238961000E+01 -4.9238959966E+01  2.0997E-08
   9.1928333000E-02 -4.8871293000E+01 -4.8871292492E+01  1.0388E-08
   9.3721864000E-02 -4.8500514000E+01 -4.8500513139E+01  1.7759E-08
   9.5550257000E-02 -4.8126645000E+01 -4.8126644964E+01  7.5025E-10
   9.7414185000E-02 -4.7749716000E+01 -4.7749714603E+01  2.9258E-08
   9.9314333000E-02 -4.7369763000E+01 -4.7369763111E+01  2.3392E-09
   1.0125140000E-01 -4.6986836000E+01 -4.6986835099E+01  1.9168E-08
   1.0322610000E-01 -4.6600991000E+01 -4.6600990542E+01  9.8324E-09
   1.0523915000E-01 -4.6212298000E+01 -4.6212298121E+01  2.6198E-09
   1.0729130000E-01 -4.5820833000E+01 -4.5820831505E+01  3.2627E-08
   1.0938329000E-01 -4.5426684000E+01 -4.5426685270E+01  2.7952E-08
   1.1151590000E-01 -4.5029950000E+01 -4.5029948039E+01  4.3555E-08
   1.1368990000E-01 -4.4630736000E+01 -4.4630737658E+01  3.7160E-08
   1.1590610000E-01 -4.4229160000E+01 -4.4229158201E+01  4.0667E-08
   1.1816530000E-01 -4.3825344000E+01 -4.3825345818E+01  4.1476E-08
   1.2046834000E-01 -4.3419421000E+01 -4.3419419269E+01  3.9870E-08
   1.2281604000E-01 -4.3011528000E+01 -4.3011529764E+01  4.1012E-08
   1.2520928000E-01 -4.2601809000E+01 -4.2601807879E+01  2.6318E-08
   1.2764892000E-01 -4.2190411000E+01 -4.2190412756E+01  4.1609E-08
   1.3013587000E-01 -4.1777484000E+01 -4.1777482970E+01  2.4649E-08
   1.3267101000E-01 -4.1363180000E+01 -4.1363181738E+01  4.2025E-08
   1.3525529000E-01 -4.0947649000E+01 -4.0947648192E+01  1.9731E-08
   1.3788963000E-01 -4.0531041000E+01 -4.0531042840E+01  4.5392E-08
   1.4057501000E-01 -4.0113502000E+01 -4.0113501267E+01  1.8278E-08
   1.4331240000E-01 -3.9695171000E+01 -3.9695173059E+01  5.1861E-08
   1.4610280000E-01 -3.9276184000E+01 -3.9276182905E+01  2.7876E-08
   1.4894721000E-01 -3.8856664000E+01 -3.8856666092E+01  5.3837E-08
   1.5184668000E-01 -3.8436728000E+01 -3.8436727301E+01  1.8177E-08
   1.5480225000E-01 -3.8016478000E+01 -3.8016479149E+01  3.0225E-08
   1.5781501000E-01 -3.7596005000E+01 -3.7596005300E+01  7.9838E-09
   1.6088604000E-01 -3.7175387000E+01 -3.7175387174E+01  4.6807E-09
   1.6401645000E-01 -3.6754685000E+01 -3.6754684975E+01  6.9353E-10
   1.6720738000E-01 -3.6333945000E+01 -3.6333945756E+01  2.0806E-08
   1.7045999000E-01 -3.5913198000E+01 -3.5913197198E+01  2.2326E-08
   1.7377544000E-01 -3.5492457000E+01 -3.5492457246E+01  6.9306E-09
   1.7715495000E-01 -3.5071718000E+01 -3.5071717498E+01  1.4318E-08
   1.8059972000E-01 -3.4650964000E+01 -3.4650963076E+01  2.6654E-08
   1.8411100000E-01 -3.4230160000E+01 -3.4230160010E+01  2.9325E-10
   1.8769007000E-01 -3.3809258000E+01 -3.3809256403E+01  4.7224E-08
   1.9133820000E-01 -3.3388196000E+01 -3.3388195177E+01  2.4654E-08
   1.9505671000E-01 -3.2966901000E+01 -3.2966899542E+01  4.4241E-08
   1.9884693000E-01 -3.2545291000E+01 -3.2545289565E+01  4.4090E-08
   2.0271024000E-01 -3.2123274000E+01 -3.2123271996E+01  6.2387E-08
   2.0664801000E-01 -3.1700757000E+01 -3.1700755790E+01  3.8175E-08
   2.1066166000E-01 -3.1277643000E+01 -3.1277640190E+01  8.9833E-08
   2.1475262000E-01 -3.0853833000E+01 -3.0853830990E+01  6.5146E-08
   2.1892237000E-01 -3.0429234000E+01 -3.0429232263E+01  5.7089E-08
   2.2317239000E-01 -3.0003761000E+01 -3.0003757654E+01  1.1151E-07
   2.2750420000E-01 -2.9577333000E+01 -2.9577331143E+01  6.2793E-08
   2.3191935000E-01 -2.9149887000E+01 -2.9149884150E+01  9.7765E-08
   2.3641941000E-01 -2.8721373000E+01 -2.8721370540E+01  8.5658E-08
   2.4100599000E-01 -2.8291759000E+01 -2.8291756507E+01  8.8125E-08
   2.4568071000E-01 -2.7861035000E+01 -2.7861032132E+01  1.0294E-07
   2.5044524000E-01 -2.7429212000E+01 -2.7429209707E+01  8.3605E-08
   2.5530127000E-01 -2.6996330000E+01 -2.6996327937E+01  7.6416E-08
   2.6025053000E-01 -2.6562454000E+01 -2.6562451448E+01  9.6064E-08
   2.6529477000E-01 -2.6127676000E+01 -2.6127673868E+01  8.1601E-08
   2.7043576000E-01 -2.5692121000E+01 -2.5692119749E+01  4.8694E-08
   2.7567534000E-01 -2.5255941000E+01 -2.5255938431E+01  1.0172E-07
   2.8101534000E-01 -2.4819318000E+01 -2.4819317392E+01  2.4497E-08
   2.8645766000E-01 -2.4382466000E+01 -2.4382464526E+01  6.0438E-08
   2.9200421000E-01 -2.3945625000E+01 -2.3945624385E+01  2.5665E-08
   2.9765694000E-01 -2.3509062000E+01 -2.3509060809E+01  5.0675E-08
   3.0341783000E-01 -2.3073069000E+01 -2.3073069393E+01  1.7050E-08
   3.0928891000E-01 -2.2637963000E+01 -2.2637962531E+01  2.0708E-08
   3.1527224000E-01 -2.2204077000E+01 -2.2204077389E+01  1.7528E-08
   3.2136991000E-01 -2.1771763000E+01 -2.1771763532E+01  2.4457E-08
   3.2758404000E-01 -2.1341386000E+01 -2.1341386673E+01  3.1513E-08
   3.3391681000E-01 -2.0913318000E+01 -2.0913318914E+01  4.3710E-08
   3.4037042000E-01 -2.0487938000E+01 -2.0487939070E+01  5.2236E-08
   3.4694712000E-01 -2.0065626000E+01 -2.0065627592E+01  7.9338E-08
   3.5364920000E-01 -1.9646759000E+01 -1.9646760087E+01  5.5317E-08
   3.6047897000E-01 -1.9231706000E+01 -1.9231707822E+01  9.4765E-08
   3.6743880000E-01 -1.8820825000E+01 -1.8820826069E+01  5.6804E-08
   3.7453111000E-01 -1.8414457000E+01 -1.8414459209E+01  1.1993E-07
   3.8175833000E-01 -1.8012928000E+01 -1.8012928928E+01  5.1494E-08
   3.8912296000E-01 -1.7616536000E+01 -1.7616537803E+01  1.0234E-07
   3.9662753000E-01 -1.7225557000E+01 -1.7225557901E+01  5.2313E-08
   4.0427462000E-01 -1.6840237000E+01 -1.6840238758E+01  1.0441E-07
   4.1206685000E-01 -1.6460793000E+01 -1.6460793167E+01  1.0130E-08
   4.2000689000E-01 -1.6087406000E+01 -1.6087407657E+01  1.0301E-07
   4.2809745000E-01 -1.5720227000E+01 -1.5720226258E+01  4.7201E-08
   4.3634128000E-01 -1.5359368000E+01 -1.5359369249E+01  8.1321E-08
   4.4474121000E-01 -1.5004911000E+01 -1.5004910268E+01  4.8761E-08
   4.5330007000E-01 -1.4656899000E+01 -1.4656898561E+01  2.9938E-08
   4.6202077000E-01 -1.4315342000E+01 -1.4315341188E+01  5.6752E-08
   4.7090627000E-01 -1.3980218000E+01 -1.3980217077E+01  6.6038E-08
   4.7995955000E-01 -1.3651474000E+01 -1.3651471959E+01  1.4948E-07
   4.8918368000E-01 -1.3329025000E+01 -1.3329023739E+01  9.4596E-08
   4.9858176000E-01 -1.3012763000E+01 -1.3012760328E+01  2.0536E-07
   5.0815693000E-01 -1.2702553000E+01 -1.2702550705E+01  1.8068E-07
   5.1791240000E-01 -1.2398241000E+01 -1.2398238317E+01  2.1637E-07
   5.2785144000E-01 -1.2099654000E+01 -1.2099650649E+01  2.7692E-07
   5.3797736000E-01 -1.1806604000E+01 -1.1806600929E+01  2.6014E-07
   5.4829352000E-01 -1.1518894000E+01 -1.1518890389E+01  3.1346E-07
   5.5880334000E-01 -1.1236318000E+01 -1.1236314230E+01  3.3554E-07
   5.6951031000E-01 -1.0958666000E+01 -1.0958662450E+01  3.2393E-07
   5.8041796000E-01 -1.0685728000E+01 -1.0685723526E+01  4.1873E-07
   5.9152988000E-01 -1.0417295000E+01 -1.0417291765E+01  3.1050E-07
   6.0284972000E-01 -1.0153166000E+01 -1.0153161138E+01  4.7882E-07
   6.1438119000E-01 -9.8931439000E+00 -9.8931403983E+00  3.5396E-07
   6.2612807000E-01 -9.6370467000E+00 -9.6370424752E+00  4.3839E-07
   6.3809417000E-01 -9.3847034000E+00 -9.3846995059E+00  4.1494E-07
   6.5028339000E-01 -9.1359578000E+00 -9.1359539780E+00  4.1834E-07
   6.6269968000E-01 -8.8906704000E+00 -8.8906666555E+00  4.2118E-07
   6.7534705000E-01 -8.6487191000E+00 -8.6487155477E+00  4.1073E-07
   6.8822958000E-01 -8.4100003000E+00 -8.4099969297E+00  4.0074E-07
   7.0135141000E-01 -8.1744293000E+00 -8.1744260444E+00  3.9827E-07
   7.1471674000E-01 -7.9419404000E+00 -7.9419374495E+00  3.7151E-07
   7.2832984000E-01 -7.7124870000E+00 -7.7124841296E+00  3.7218E-07
   7.4219504000E-01 -7.4860408000E+00 -7.4860383295E+00  3.3002E-07
   7.5631675000E-01 -7.2625913000E+00 -7.2625888080E+00  3.4313E-07
   7.7069943000E-01 -7.0421444000E+00 -7.0421423640E+00  2.8912E-07
   7.8534762000E-01 -6.8247220000E+00 -6.8247200134E+00  2.9109E-07
   8.0026592000E-01 -6.6103596000E+00 -6.6103578376E+00  2.6661E-07
   8.1545900000E-01 -6.3991055000E+00 -6.3991040657E+00  2.2414E-07
   8.3093162000E-01 -6.1910188000E+00 -6.1910173375E+00  2.3624E-07
   8.4668857000E-01 -5.9861676000E+00 -5.9861664880E+00  1.8577E-07
   8.6273474000E-01 -5.7846275000E+00 -5.7846264448E+00  1.8241E-07
   8.7907509000E-01 -5.5864792000E+00 -5.5864782548E+00  1.6919E-07
   8.9571464000E-01 -5.3918073000E+00 -5.3918065840E+00  1.3279E-07
   9.1265850000E-01 -5.2006984000E+00 -5.2006976668E+00  1.4097E-07
   9.2991183000E-01 -5.0132391000E+00 -5.0132385049E+00  1.1870E-07
   9.4747988000E-01 -4.8295146000E+00 -4.8295140044E+00  1.2332E-07
   9.6536797000E-01 -4.6496073000E+00 -4.6496069042E+00  8.5115E-08
   9.8358150000E-01 -4.4735954000E+00 -4.4735947061E+00  1.5511E-07
   1.0021259000E+00 -4.3015515000E+00 -4.3015511570E+00  7.9749E-08
   1.0210068000E+00 -4.1335419000E+00 -4.1335415321E+00  8.9003E-08
   1.0402298000E+00 -3.9696254000E+00 -3.9696245516E+00  2.1374E-07
   1.0598005000E+00 -3.8098524000E+00 -3.8098521605E+00  6.2851E-08
   1.0797248000E+00 -3.6542649000E+00 -3.6542641761E+00  1.9809E-07
   1.1000085000E+00 -3.5028954000E+00 -3.5028947037E+00  1.9879E-07
   1.1206575000E+00 -3.3557673000E+00 -3.3557667599E+00  1.6096E-07
   1.1416779000E+00 -3.2128940000E+00 -3.2128930848E+00  2.8485E-07
   1.1630757000E+00 -3.0742794000E+00 -3.0742785647E+00  2.7169E-07
   1.1848571000E+00 -2.9399180000E+00 -2.9399172489E+00  2.5549E-07
   1.2070284000E+00 -2.8097949000E+00 -2.8097936978E+00  4.2785E-07
   1.2295958000E+00 -2.6838862000E+00 -2.6838852872E+00  3.4010E-07
   1.2525658000E+00 -2.5621595000E+00 -2.5621582858E+00  4.7388E-07
   1.2759449000E+00 -2.4445742000E+00 -2.4445731575E+00  4.2645E-07
   1.2997397000E+00 -2.3310822000E+00 -2.3310808021E+00  5.9966E-07
   1.3239567000E+00 -2.2216283000E+00 -2.2216269875E+00  5.9079E-07
   1.3486027000E+00 -2.1161508000E+00 -2.1161495904E+00  5.7159E-07
   1.3736846000E+00 -2.0145822000E+00 -2.0145805410E+00  8.2350E-07
   1.3992091000E+00 -1.9168500000E+00 -1.9168487956E+00  6.2832E-07
   1.4251834000E+00 -1.8228769000E+00 -1.8228752922E+00  8.8199E-07
   1.4516144000E+00 -1.7325816000E+00 -1.7325800560E+00  8.9113E-07
   1.4785092000E+00 -1.6458795000E+00 -1.6458780085E+00  9.0619E-07
   1.5058751000E+00 -1.5626833000E+00 -1.5626817806E+00  9.7229E-07
   1.5337194000E+00 -1.4829033000E+00 -1.4829016599E+00  1.1060E-06
   1.5620494000E+00 -1.4064480000E+00 -1.4064464988E+00  1.0674E-06
   1.5908726000E+00 -1.3332248000E+00 -1.3332232218E+00  1.1838E-06
   1.6201965000E+00 -1.2631401000E+00 -1.2631384938E+00  1.2716E-06
   1.6500287000E+00 -1.1960999000E+00 -1.1960984463E+00  1.2154E-06
   1.6803770000E+00 -1.1320102000E+00 -1.1320085918E+00  1.4206E-06
   1.7112490000E+00 -1.0707773000E+00 -1.0707758481E+00  1.3559E-06
   1.7426527000E+00 -1.0123078000E+00 -1.0123062757E+00  1.5057E-06
   1.7745959000E+00 -9.5650941000E-01 -9.5650799041E-01  1.4841E-06
   1.8070867000E+00 -9.0329062000E-01 -9.0328915690E-01  1.6197E-06
   1.8401331000E+00 -8.5256126000E-01 -8.5255988757E-01  1.6098E-06
   1.8737433000E+00 -8.0423252000E-01 -8.0423114558E-01  1.7090E-06
   1.9079255000E+00 -7.5821710000E-01 -7.5821577309E-01  1.7500E-06
   1.9426880000E+00 -7.1442932000E-01 -7.1442801398E-01  1.8281E-06
   1.9780392000E+00 -6.7278522000E-01 -6.7278399427E-01  1.8219E-06
   2.0139876000E+00 -6.3320265000E-01 -6.3320140440E-01  1.9671E-06
   2.0505416000E+00 -5.9560127000E-01 -5.9560007252E-01  2.0105E-06
   2.0877098000E+00 -5.5990266000E-01 -5.5990155168E-01  1.9795E-06
   2.1255010000E+00 -5.2603032000E-01 -5.2602918246E-01  2.1625E-06
   2.1639238000E+00 -4.9390967000E-01 -4.9390860338E-01  2.1595E-06
   2.2029870000E+00 -4.6346810000E-01 -4.6346706297E-01  2.2375E-06
   2.2426995000E+00 -4.3463494000E-01 -4.3463393883E-01  2.3035E-06
   2.2830702000E+00 -4.0734151000E-01 -4.0734054031E-01  2.3805E-06
   2.3241081000E+00 -3.8152106000E-01 -3.8152013110E-01  2.4347E-06
   2.3658223000E+00 -3.5710879000E-01 -3.5710789300E-01  2.5119E-06
   2.4082219000E+00 -3.3404185000E-01 -3.3404098311E-01  2.5952E-06
   2.4513160000E+00 -3.1225932000E-01 -3.1225847759E-01  2.6978E-06
   2.4951138000E+00 -2.9170219000E-01 -2.9170139871E-01  2.7127E-06
   2.5396247000E+00 -2.7231335000E-01 -2.7231256925E-01  2.8671E-06
   2.5848580000E+00 -2.5403759000E-01 -2.5403686000E-01  2.8736E-06
   2.6308231000E+00 -2.3682158000E-01 -2.3682084690E-01  3.0956E-06
   2.6775293000E+00 -2.2061385000E-01 -2.2061318328E-01  3.0221E-06
   2.7249863000E+00 -2.0536477000E-01 -2.0536410118E-01  3.2567E-06
   2.7732035000E+00 -1.9102656000E-01 -1.9102592969E-01  3.2996E-06
   2.8221905000E+00 -1.7755326000E-01 -1.7755266321E-01  3.3612E-06
   2.8719570000E+00 -1.6490070000E-01 -1.6490010789E-01  3.5907E-06
   2.9225125000E+00 -1.5302650000E-01 -1.5302595210E-01  3.5804E-06
   2.9738668000E+00 -1.4189006000E-01 -1.4188952591E-01  3.7641E-06
   3.0260296000E+00 -1.3145253000E-01 -1.3145202388E-01  3.8502E-06
   3.0790107000E+00 -1.2167678000E-01 -1.2167629498E-01  3.9861E-06
   3.1328198000E+00 -1.1252740000E-01 -1.1252693960E-01  4.0914E-06
   3.1874668000E+00 -1.0397062000E-01 -1.0397019283E-01  4.1085E-06
   3.2429616000E+00 -9.5974273000E-02 -9.5973861875E-02  4.2837E-06
   3.2993140000E+00 -8.8507661000E-02 -8.8507268280E-02  4.4371E-06
   3.3565338000E+00 -8.1541515000E-02 -8.1541156216E-02  4.4000E-06
   3.4146311000E+00 -7.5047914000E-02 -7.5047558579E-02  4.7359E-06
   3.4736156000E+00 -6.9000220000E-02 -6.8999895250E-02  4.7065E-06
   3.5334974000E+00 -6.3373020000E-02 -6.3372706919E-02  4.9403E-06
   3.5942864000E+00 -5.8142072000E-02 -5.8141775561E-02  5.0985E-06
   3.6559925000E+00 -5.3284253000E-02 -5.3283973668E-02  5.2423E-06
   3.7186257000E+00 -4.8777513000E-02 -4.8777247536E-02  5.4423E-06
   3.7821959000E+00 -4.4600833000E-02 -4.4600580703E-02  5.6568E-06
   3.8467130000E+00 -4.0734181000E-02 -4.0733943482E-02  5.8309E-06
   3.9121870000E+00 -3.7158475000E-02 -3.7158248597E-02  6.0929E-06
   3.9786278000E+00 -3.3855550000E-02 -3.3855337940E-02  6.2637E-06
   4.0460454000E+00 -3.0808118000E-02 -3.0807913702E-02  6.6313E-06
   4.1144495000E+00 -2.7999743000E-02 -2.7999552523E-02  6.8028E-06
   4.1838501000E+00 -2.5414806000E-02 -2.5414625683E-02  7.0950E-06
   4.2542571000E+00 -2.3038476000E-02 -2.3038303211E-02  7.5000E-06
   4.3256802000E+00 -2.0856683000E-02 -2.0856523096E-02  7.6668E-06
   4.3981293000E+00 -1.8856093000E-02 -1.8855938533E-02  8.1919E-06
   4.4716140000E+00 -1.7024078000E-02 -1.7023935167E-02  8.3901E-06
   4.5461442000E+00 -1.5348693000E-02 -1.5348556453E-02  8.8963E-06
   4.6217295000E+00 -1.3818651000E-02 -1.3818522991E-02  9.2635E-06
   4.6983795000E+00 -1.2423300000E-02 -1.2423179522E-02  9.6977E-06
   4.7761038000E+00 -1.1152598000E-02 -1.1152484442E-02  1.0182E-05
   4.8549120000E+00 -9.9970887000E-03 -9.9969822564E-03  1.0647E-05
   4.9348135000E+00 -8.9478830000E-03 -8.9477824671E-03  1.1235E-05
   5.0158177000E+00 -7.9966326000E-03 -7.9965393967E-03  1.1655E-05
   5.0979341000E+00 -7.1355100000E-03 -7.1354213463E-03  1.2424E-05
   5.1811718000E+00 -6.3571861000E-03 -6.3571042961E-03  1.2868E-05
   5.2655402000E+00 -5.6548092000E-03 -5.6547321571E-03  1.3624E-05
   5.3510484000E+00 -5.0219833000E-03 -5.0219113907E-03  1.4319E-05
   5.4377054000E+00 -4.4527479000E-03 -4.4526811378E-03  1.4993E-05
   5.5255203000E+00 -3.9415572000E-03 -3.9414949136E-03  1.5802E-05
   5.6145020000E+00 -3.4832597000E-03 -3.4832017173E-03  1.6646E-05
   5.7046592000E+00 -3.0730789000E-03 -3.0730251517E-03  1.7490E-05
   5.7960007000E+00 -2.7065935000E-03 -2.7065439124E-03  1.8321E-05
   5.8885353000E+00 -2.3797182000E-03 -2.3796718725E-03  1.9468E-05
   5.9822713000E+00 -2.0886854000E-03 -2.0886430870E-03  2.0258E-05
   6.0772173000E+00 -1.8300269000E-03 -1.8299874093E-03  2.1579E-05
   6.1733815000E+00 -1.6005560000E-03 -1.6005201467E-03  2.2401E-05
   6.2707724000E+00 -1.3973507000E-03 -1.3973172959E-03  2.3905E-05
   6.3693978000E+00 -1.2177366000E-03 -1.2177062450E-03  2.4927E-05
   6.4692659000E+00 -1.0592710000E-03 -1.0592431284E-03  2.6312E-05
   6.5703846000E+00 -9.1972733000E-04 -9.1970178874E-04  2.7770E-05
   6.6727616000E+00 -7.9708011000E-04 -7.9705694890E-04  2.9057E-05
   6.7764047000E+00 -6.8949082000E-04 -6.8946960180E-04  3.0774E-05
   6.8813212000E+00 -5.9529399000E-04 -5.9527477921E-04  3.2271E-05
   6.9875186000E+00 -5.1298420000E-04 -5.1296680543E-04  3.3909E-05
   7.0950043000E+00 -4.4120363000E-04 -4.4118781072E-04  3.5855E-05
   7.2037852000E+00 -3.7873026000E-04 -3.7871606220E-04  3.7488E-05
   7.3138685000E+00 -3.2446672000E-04 -3.2445385646E-04  3.9645E-05
   7.4252609000E+00 -2.7742976000E-04 -2.7741824904E-04  4.1491E-05
   7.5379693000E+00 -2.3674036000E-04 -2.3672999424E-04  4.3785E-05
   7.6520001000E+00 -2.0161448000E-04 -2.0160521823E-04  4.5938E-05
   7.7673598000E+00 -1.7135437000E-04 -1.7134609653E-04  4.8283E-05
   7.8840547000E+00 -1.4534054000E-04 -1.4533316115E-04  5.0769E-05
   8.0020909000E+00 -1.2302423000E-04 -1.2301767514E-04  5.3281E-05
   8.1214744000E+00 -1.0392049000E-04 -1.0391466942E-04  5.6010E-05
   8.2422110000E+00 -8.7601757000E-05 -8.7596609542E-05  5.8760E-05
   8.3643064000E+00 -7.3691971000E-05 -7.3687424310E-05  6.1699E-05
   8.4877661000E+00 -6.1861152000E-05 -6.1857144609E-05  6.4780E-05
   8.6125954000E+00 -5.1820454000E-05 -5.1816937844E-05  6.7853E-05
   8.7387996000E+00 -4.3317645000E-05 -4.3314554092E-05  7.1354E-05
   8.8663835000E+00 -3.6133004000E-05 -3.6130308878E-05  7.4589E-05
   8.9953522000E+00 -3.0075596000E-05 -3.0073239141E-05  7.8365E-05
   9.1257103000E+00 -2.4979907000E-05 -2.4977857779E-05  8.2035E-05
   9.2574623000E+00 -2.0702817000E-05 -2.0701038100E-05  8.5926E-05
   9.3906126000E+00 -1.7120872000E-05 -1.7119329678E-05  9.0084E-05
   9.5251653000E+00 -1.4127848000E-05 -1.4126517627E-05  9.4167E-05
   9.6611245000E+00 -1.1632578000E-05 -1.1631430336E-05  9.8659E-05
   9.7984941000E+00 -9.5570069000E-06 -9.5560203853E-06  1.0322E-04
   9.9372777000E+00 -7.8344802000E-06 -7.8336353516E-06  1.0784E-04
   1.0077479000E+01 -6.4082187000E-06 -6.4074947945E-06  1.1297E-04
   1.0219101000E+01 -5.2299793000E-06 -5.2293624738E-06  1.1794E-04
   1.0362147000E+01 -4.2588751000E-06 -4.2583510758E-06  1.2304E-04
   1.0506620000E+01 -3.4603424000E-06 -3.4598945699E-06  1.2942E-04
   1.0652522000E+01 -2.8052371000E-06 -2.8048631601E-06  1.3330E-04
   1.0799858000E+01 -2.2690477000E-06 -2.2687269214E-06  1.4137E-04
   1.0948628000E+01 -1.8312119000E-06 -1.8309444343E-06  1.4606E-04
   1.1098835000E+01 -1.4745246000E-06 -1.4742996711E-06  1.5254E-04
   1.1250482000E+01 -1.1846268000E-06 -1.1844377325E-06  1.5960E-04
   1.1403570000E+01 -9.4956565000E-07 -9.4940800128E-07  1.6602E-04
   1.1558101000E+01 -7.5941696000E-07 -7.5928585870E-07  1.7263E-04
   1.1714077000E+01 -6.0596223000E-07 -6.0585240181E-07  1.8125E-04
   1.1871498000E+01 -4.8241299000E-07 -4.8232315521E-07  1.8622E-04
   1.2030368000E+01 -3.8317660000E-07 -3.8310110314E-07  1.9703E-04
   1.2190685000E+01 -3.0365749000E-07 -3.0359610201E-07  2.0216E-04
   1.2352452000E+01 -2.4008926000E-07 -2.4003829987E-07  2.1225E-04
   1.2515669000E+01 -1.8939301000E-07 -1.8935141054E-07  2.1965E-04
   1.2680337000E+01 -1.4905842000E-07 -1.4902427271E-07  2.2909E-04
   1.2846456000E+01 -1.1704412000E-07 -1.1701636658E-07  2.3712E-04
   1.3014027000E+01 -9.1694275000E-08 -9.1671521059E-08  2.4815E-04
   1.3183048000E+01 -7.1669405000E-08 -7.1651136191E-08  2.5490E-04
   1.3353522000E+01 -5.5888663000E-08 -5.5873687895E-08  2.6795E-04
   1.3525446000E+01 -4.3482217000E-08 -4.3470271362E-08  2.7472E-04
   1.3698822000E+01 -3.3751832000E-08 -3.3742092108E-08  2.8857E-04
   1.3873647000E+01 -2.6138480000E-08 -2.6130757656E-08  2.9544E-04
   1.4049923000E+01 -2.0195785000E-08 -2.0189513920E-08  3.1051E-04
   1.4227646000E+01 -1.5568205000E-08 -1.5563263772E-08  3.1739E-04
   1.4406818000E+01 -1.1973313000E-08 -1.1969323275E-08  3.3322E-04
   1.4587436000E+01 -9.1872892000E-09 -9.1841519831E-09  3.4147E-04
   1.4769500000E+01 -7.0332931000E-09 -7.0307847583E-09  3.5664E-04
   1.4953007000E+01 -5.3719162000E-09 -5.3699536425E-09  3.6534E-04
   1.5137957000E+01 -4.0935504000E-09 -4.0919768538E-09  3.8440E-04
   1.5324347000E+01 -3.1122056000E-09 -3.1109925574E-09  3.8977E-04
   1.5512176000E+01 -2.3606930000E-09 -2.3597279962E-09  4.0878E-04
   1.5701441000E+01 -1.7865460000E-09 -1.7857933753E-09  4.2127E-04
   1.5892141000E+01 -1.3489370000E-09 -1.3483532432E-09  4.3275E-04
   1.6084273000E+01 -1.0161898000E-09 -1.0157294444E-09  4.5302E-04
   1.6277834000E+01 -7.6376239000E-10 -7.6340775597E-10  4.6433E-04
   1.6472823000E+01 -5.7272587000E-10 -5.7245835355E-10  4.6709E-04
   1.6669237000E+01 -4.2849990000E-10 -4.2827680946E-10  5.2063E-04
   1.6867072000E+01 -3.1984371000E-10 -3.1968949863E-10  4.8215E-04
   1.7066325000E+01 -2.3820235000E-10 -2.3807198202E-10  5.4730E-04
   1.7266995000E+01 -1.7699620000E-10 -1.7690362094E-10  5.2306E-04
   1.7469077000E+01 -1.3122303000E-10 -1.3114776190E-10  5.7359E-04
   1.7672569000E+01 -9.7060138000E-11 -9.6999816009E-11  6.2149E-04
   1.7877466000E+01 -7.1622708000E-11 -7.1589997508E-11  4.5671E-04
   1.8083766000E+01 -5.2750693000E-11 -5.2711033369E-11  7.5183E-04
   1.8291464000E+01 -3.8753001000E-11 -3.8727803124E-11  6.5022E-04
   1.8500558000E+01 -2.8393288000E-11 -2.8378231153E-11  5.3030E-04
   1.8711043000E+01 -2.0762059000E-11 -2.0750066437E-11  5.7762E-04
   1.8922915000E+01 -1.5148771000E-11 -1.5129530557E-11  1.2701E-03
   1.9136170000E+01 -1.1013412000E-11 -1.1017520179E-11  3.7302E-04
   1.9350805000E+01 -8.0007112000E-12 -7.9858432566E-12  1.8583E-03
   1.9566815000E+01 -5.7838179000E-12 -5.7811886236E-12  4.5459E-04
   1.9784195000E+01 -4.1637804000E-12 -4.1626448371E-12  2.7272E-04
   2.0002942000E+01 -2.9984903000E-12 -3.0033767226E-12  1.6296E-03
   2.0223050000E+01 -2.1458391000E-12 -2.0955128894E-12  2.3453E-02
   2.0444516000E+01 -1.5347723000E-12 -1.7317910134E-12  1.2837E-01
   2.0667334000E+01 -1.0942358000E-12 -6.6104457577E-13  3.9588E-01
   2.0891500000E+01  0.0000000000E+00  0.0000000000E+00
   2.1117009000E+01  0.0000000000E+00  0.0000000000E+00
   2.1343856000E+01  0.0000000000E+00  0.0000000000E+00
   2.1572036000E+01  0.0000000000E+00  0.0000000000E+00
   2.1801545000E+01  0.0000000000E+00  0.0000000000E+00
   2.2032377000E+01  0.0000000000E+00  0.0000000000E+00
   2.2264527000E+01  0.0000000000E+00  0.0000000000E+00
   2.2497989000E+01  0.0000000000E+00  0.0000000000E+00
   2.2732759000E+01  0.0000000000E+00  0.0000000000E+00
   2.2968831000E+01  0.0000000000E+00  0.0000000000E+00
   2.3206200000E+01  0.0000000000E+00  0.0000000000E+00
   2.3444860000E+01  0.0000000000E+00  0.0000000000E+00
   2.3684806000E+01  0.0000000000E+00  0.0000000000E+00
   2.3926033000E+01  0.0000000000E+00  0.0000000000E+00
   2.4168533000E+01  0.0000000000E+00  0.0000000000E+00
   2.4412303000E+01  0.0000000000E+00  0.0000000000E+00
   2.4657337000E+01  0.0000000000E+00  0.0000000000E+00
   2.4903628000E+01  0.0000000000E+00  0.0000000000E+00
   2.5151170000E+01  0.0000000000E+00  0.0000000000E+00
   2.5399959000E+01  0.0000000000E+00  0.0000000000E+00
   2.5649988000E+01  0.0000000000E+00  0.0000000000E+00
   2.5901251000E+01  0.0000000000E+00  0.0000000000E+00
   2.6153743000E+01  0.0000000000E+00  0.0000000000E+00
   2.6407458000E+01  0.0000000000E+00  0.0000000000E+00
   2.6662388000E+01  0.0000000000E+00  0.0000000000E+00
   2.6918530000E+01  0.0000000000E+00  0.0000000000E+00
   2.7175876000E+01  0.0000000000E+00  0.0000000000E+00
   2.7434420000E+01  0.0000000000E+00  0.0000000000E+00
   2.7694157000E+01  0.0000000000E+00  0.0000000000E+00
   2.7955080000E+01  0.0000000000E+00  0.0000000000E+00
   2.8217184000E+01  0.0000000000E+00  0.0000000000E+00
   2.8480462000E+01  0.0000000000E+00  0.0000000000E+00
   2.8744908000E+01  0.0000000000E+00  0.0000000000E+00
   2.9010515000E+01  0.0000000000E+00  0.0000000000E+00
   2.9277279000E+01  0.0000000000E+00  0.0000000000E+00
   2.9545192000E+01  0.0000000000E+00  0.0000000000E+00
   2.9814249000E+01  0.0000000000E+00  0.0000000000E+00
   3.0084442000E+01  0.0000000000E+00  0.0000000000E+00
   3.0355767000E+01  0.0000000000E+00  0.0000000000E+00
   3.0628217000E+01  0.0000000000E+00  0.0000000000E+00
   3.0901786000E+01  0.0000000000E+00  0.0000000000E+00
   3.1176467000E+01  0.0000000000E+00  0.0000000000E+00
   3.1452254000E+01  0.0000000000E+00  0.0000000000E+00
   3.1729141000E+01  0.0000000000E+00  0.0000000000E+00
   3.2007123000E+01  0.0000000000E+00  0.0000000000E+00
   3.2286192000E+01  0.0000000000E+00  0.0000000000E+00
   3.2566343000E+01  0.0000000000E+00  0.0000000000E+00
   3.2847569000E+01  0.0000000000E+00  0.0000000000E+00
   3.3129864000E+01  0.0000000000E+00  0.0000000000E+00
   3.3413222000E+01  0.0000000000E+00  0.0000000000E+00
   3.3697638000E+01  0.0000000000E+00  0.0000000000E+00
   3.3983104000E+01  0.0000000000E+00  0.0000000000E+00
   3.4269614000E+01  0.0000000000E+00  0.0000000000E+00
   3.4557163000E+01  0.0000000000E+00  0.0000000000E+00
   3.4845744000E+01  0.0000000000E+00  0.0000000000E+00
   3.5135352000E+01  0.0000000000E+00  0.0000000000E+00
   3.5425980000E+01  0.0000000000E+00  0.0000000000E+00
   3.5717622000E+01  0.0000000000E+00  0.0000000000E+00
   3.6010271000E+01  0.0000000000E+00  0.0000000000E+00
   3.6303923000E+01  0.0000000000E+00  0.0000000000E+00
   3.6598571000E+01  0.0000000000E+00  0.0000000000E+00
   3.6894208000E+01  0.0000000000E+00  0.0000000000E+00
   3.7190830000E+01  0.0000000000E+00  0.0000000000E+00
   3.7488429000E+01  0.0000000000E+00  0.0000000000E+00
   3.7787001000E+01  0.0000000000E+00  0.0000000000E+00
   3.8086538000E+01  0.0000000000E+00  0.0000000000E+00
   3.8387036000E+01  0.0000000000E+00  0.0000000000E+00
   3.8688488000E+01  0.0000000000E+00  0.0000000000E+00
   3.8990888000E+01  0.0000000000E+00  0.0000000000E+00
   3.9294230000E+01  0.0000000000E+00  0.0000000000E+00
   3.9598510000E+01  0.0000000000E+00  0.0000000000E+00
   3.9903720000E+01  0.0000000000E+00  0.0000000000E+00
   4.0209855000E+01  0.0000000000E+00  0.0000000000E+00
   4.0516909000E+01  0.0000000000E+00  0.0000000000E+00
   4.0824878000E+01  0.0000000000E+00  0.0000000000E+00
   4.1133753000E+01  0.0000000000E+00  0.0000000000E+00
   4.1443531000E+01  0.0000000000E+00  0.0000000000E+00
   4.1754206000E+01  0.0000000000E+00  0.0000000000E+00
   4.2065771000E+01  0.0000000000E+00  0.0000000000E+00
   4.2378222000E+01  0.0000000000E+00  0.0000000000E+00
   4.2691553000E+01  0.0000000000E+00  0.0000000000E+00
   4.3005757000E+01  0.0000000000E+00  0.0000000000E+00
   4.3320830000E+01  0.0000000000E+00  0.0000000000E+00
   4.3636766000E+01  0.0000000000E+00  0.0000000000E+00
   4.3953560000E+01  0.0000000000E+00  0.0000000000E+00
   4.4271206000E+01  0.0000000000E+00  0.0000000000E+00
   4.4589698000E+01  0.0000000000E+00  0.0000000000E+00
   4.4909032000E+01  0.0000000000E+00  0.0000000000E+00
   4.5229202000E+01  0.0000000000E+00  0.0000000000E+00
   4.5550203000E+01  0.0000000000E+00  0.0000000000E+00
   4.5872029000E+01  0.0000000000E+00  0.0000000000E+00
   4.6194675000E+01  0.0000000000E+00  0.0000000000E+00
   4.6518136000E+01  0.0000000000E+00  0.0000000000E+00
   4.6842406000E+01  0.0000000000E+00  0.0000000000E+00
   4.7167481000E+01  0.0000000000E+00  0.0000000000E+00
   4.7493356000E+01  0.0000000000E+00  0.0000000000E+00
   4.7820024000E+01  0.0000000000E+00  0.0000000000E+00
   4.8147481000E+01  0.0000000000E+00  0.0000000000E+00
   4.8475723000E+01  0.0000000000E+00  0.0000000000E+00
   4.8804743000E+01  0.0000000000E+00  0.0000000000E+00
   4.9134537000E+01  0.0000000000E+00  0.0000000000E+00
   4.9465100000E+01  0.0000000000E+00  0.0000000000E+00
   4.9796427000E+01  0.0000000000E+00  0.0000000000E+00
   5.0128514000E+01  0.0000000000E+00  0.0000000000E+00
   5.0461354000E+01  0.0000000000E+00  0.0000000000E+00
   5.0794944000E+01  0.0000000000E+00  0.0000000000E+00
   5.1129278000E+01  0.0000000000E+00  0.0000000000E+00
   5.1464353000E+01  0.0000000000E+00  0.0000000000E+00
   5.1800162000E+01  0.0000000000E+00  0.0000000000E+00
