0.0
0.046334364512838525
0.10649693871535296
0.17923537136500786
0.25196362928236304
0.31210739286725225
0.34929354740913127
0.3731495785849303
0.43326114262431836
0.5304386774775264
0.6478601211314671
0.7651965124151185
0.8621742051500325
0.9221037597747105
0.9576318567543305
1.042590060488401
1.1798258222504985
1.3454563876547152
1.5107309949052603
1.6471339732301176
1.7313330582301583
1.7812130987804913
1.9003791879305165
2.0925215999813305
2.32379475807809
2.5538261561040865
2.7430649571864496
2.859585592750753
2.9285022461214534
3.09280129973855
3.3566319763658337
3.672272428001949
3.983939502891371
4.238480820403724
4.39431829478913
4.486152681697978
4.70403769150636
5.050636969637047
5.459510122230822
5.856395181696895
6.174982142654421
6.367369011350576
6.479741890876131
6.743244936830671
7.1527664640811475
7.619054996722816
8.052161378710593
8.384334442850948
8.577660386908589
8.68790260457206
8.938274210293718
9.303244178949791
9.679827151784849
9.989210359386
10.198523861122204
10.308823786497097
10.367881502450304
10.491626660146231
10.646378579762334
10.775009872846477
10.858180662961557
10.903510058035677
10.923970166205743
10.93396917343724
10.952774995715348
10.972188224128045
10.984715711829597
10.990881839539679
10.993482269105007
10.99444067962433
10.994850773627629
10.995496883352365
10.995929468740018
10.9959746438345
10.99581421002441
10.995622344843945
10.995491936412943
10.99541224919154
10.995217350354322
10.994895784748195
10.994503356800838
10.994109842074652
10.99378412006205
10.993582659567531
10.993463228237172
10.993177549301057
10.992715496752563
10.99215678600997
10.991597986438448
10.991135722501916
10.990849845112212
10.990680411118738
10.990275193415213
10.989619793705112
10.988827256897752
10.988034550175643
10.987378754327747
10.986973177011405
10.98673286941092
10.98615826372371
10.985228858826375
10.984104928581866
10.982980700064301
10.982050596076684
10.981475351512477
10.981134656959343
10.980320242176852
10.979002878759106
10.977409662980882
10.975815887326615
10.974497214982065
10.973681607891923
10.973198840498986
10.972045268110824
10.970179166863817
10.967922097292867
10.965664003394885
10.963795505402055
10.962639747393528
10.961956207204235
10.960323807547953
10.957682863974114
10.954488198673719
10.951291644313425
10.94864628257932
10.947009856379887
10.946043166766827
10.943736408339175
10.940004045046978
10.935488445469092
10.930969453202438
10.927229154310265
10.924915162577005
10.923550439808013
10.92029754347712
10.915033616511836
10.908663956501838
10.902288389421352
10.897010646110385
10.8937451569708
10.891823636025098
10.887250849104007
10.879850120675103
10.870893423923189
10.861927077110195
10.854503775740962
10.849910412063204
10.847215971566474
10.840818045406076
10.830462666007385
10.817929141567788
10.805381480673878
10.794993025555952
10.78856493830609
10.784810312159346
10.775922460633709
10.7615378768815
10.744129804151788
10.726705370109853
10.712282473198119
10.703359644192327
10.698177553348021
10.685962358502879
10.666199109448593
10.642293989795238
10.618381526271298
10.598600948211798
10.586369767883639
10.57931926604593
10.562793745700349
10.536077575619204
10.50379921955047
10.471554209484747
10.44491559616044
10.428460216646393
10.419064438596658
10.39720359546519
10.361912138278461
10.319358971061442
10.276947243490289
10.241985518286782
10.220423850908759
10.208254384920425
10.180199699880259
10.135007299894983
10.080679767586634
10.02671360414341
9.982364162816483
9.955074966734163
9.939879012861688
9.905228250570755
9.849568354113066
9.782914225994563
9.716978550962866
9.66299526488364
9.629867882534018
9.611691771988628
9.570748618370619
9.505185961875926
9.426996327515724
9.349983885419215
9.287169751163352
9.248725616455738
9.227951358322873
9.181748401960103
9.107967701716722
9.020287962643964
8.934234784535917
8.86425447756779
8.821510199629325
8.798749730124145
8.748754347976751
8.66905863366971
8.574550672457322
8.481978728743945
8.40681066902188
8.360940998278451
8.336842157939023
8.284508852677732
8.201129598614937
8.102303801580007
8.005536044037004
7.9269748090644985
7.879037913410976
7.854149638760319
7.8006525292392785
7.715397549685784
7.614316128790842
7.5153134987706025
7.434928523458776
7.385879442942281
7.360678527068213
7.307008344531992
7.221475351505193
7.120084014349071
7.020829974683164
6.940302154908769
6.891201226401818
6.866207429612168
6.81342595035431
6.72937331139947
6.629857421221176
6.53258415997487
6.45377675951253
6.405775773252171
6.381533969282782
6.33070841408294
6.249830251907532
6.1541563576704785
6.060706175884595
5.98502749282402
5.938938854053507
5.915800221725271
5.867547313600532
5.790730408811833
5.699790900986084
5.6108721963241
5.538784927037147
5.494846387575456
5.47288046220285
5.427249999622531
5.35452936726798
5.268318755301249
5.183907271245497
5.115399395665397
5.073614182000175
5.052796747842213
5.0096922449574715
4.940958206176435
4.859428139214217
4.77957290221323
4.714758890492549
4.675230416824283
4.655599468542365
4.615075119688217
4.550472538700174
4.473883693458873
4.398926507852075
4.338140756675405
4.301095663590865
4.282751781172159
4.244991764743613
4.184845130091328
4.1136240334977705
4.04401718499194
3.98764541178865
3.9533248731453057
3.9363746880792974
3.9015726766659684
3.8461944991779182
3.780712406214578
3.7168138948272613
3.6651384479032805
3.633709674800146
3.618223080663804
3.5864968487108158
3.5360635117424355
3.476508675336766
3.4184777070638797
3.371607500536734
3.343127352974731
3.329120883782352
3.300481062593077
3.2549929313739385
3.2013383036908314
3.14911838372936
3.10698510288342
3.081401857190796
3.068840368008183
3.0431955170567786
3.0024907606384135
2.954518764689686
2.9078698452193947
2.870259140040332
2.8474335383579046
2.83624084048126
2.8134197181750906
2.7772123802893027
2.734563637913068
2.6931130000036863
2.659707676498634
2.639439965544563
2.629512048498702
2.6092904509327255
2.577213915121174
2.5394395765341766
2.5027335571973666
2.4731556808734325
2.4552112680644207
2.4464286561157724
2.428554126107885
2.4002002317790723
2.366807768601122
2.3343558038466927
2.308201746899103
2.2923322307434404
2.284570000517581
2.2687816388050326
2.2437316053522576
2.2142203615517673
2.1855285435528096
2.1623952560682564
2.148354009512527
2.141489135603644
2.127531972001586
2.105378576058193
2.079264873997099
2.0538592573186616
2.033362237952863
2.020914949477996
2.0148312112358226
2.0024656775163994
1.9828276934199422
1.9596609032977934
1.9371021336964755
1.9188865001000686
1.9078175746104442
1.9024084792012719
1.8914159345335069
1.873946407756046
1.8533179148518109
1.833209136311968
1.8169554169486357
1.8070712372134015
1.8022414502564086
1.7924267602160011
1.7768167156899501
1.758363687950414
1.740353586156841
1.7257797327853623
1.7169096901945924
1.7125754143674392
1.7037674697899465
1.6897464527459292
1.673152038333793
1.6569345833315658
1.643795445873506
1.6357914853063171
1.631880144815952
1.6239310348492069
1.6112656004046872
1.5962568414667793
1.5815689481855078
1.569654170345098
1.5623894198658572
1.5588389232483006
1.5516223029603111
1.5401132933717605
1.526457714566284
1.5130757213168167
1.5022067591926316
1.4955736603620604
1.4923314389323785
1.485740480461029
1.4752196904904604
1.4627212429500798
1.4504568415449555
1.4404835956851993
1.4343918232082498
1.4314137813060057
1.4253589751994493
1.4156856148846213
1.4041804360793755
1.3928764786999466
1.3836738661415549
1.3780482279739577
1.3752976944572186
1.3697046750348374
1.3607618949197438
1.3501141797351899
1.339640632051097
1.3311053029755922
1.3258837395824514
1.3233304754911899
1.318137975648595
1.3098296134997547
1.2999277709665797
1.2901779678060734
1.282225283369213
1.27735703279561
1.2749763254376028
1.270134317736364
1.262381950922137
1.2531351363733272
1.2440224175304735
1.2365837444582848
1.232027703913408
1.2297995606266543
1.2252676081021736
1.218007944240318
1.209342998059645
1.2007977469801787
1.1938180818369233
1.1895413712675378
1.1874498142152685
1.1831956310353622
1.1763782336698725
1.1682370174317445
1.160204088287209
1.1536399957546983
1.1496167121621657
1.1476491676942668
1.14364737458925
1.1372326973214388
1.1295697917412646
1.1220062857133488
1.1158241158744957
1.1120342555899239
1.110181026260669
1.1064120749692172
1.1003697607685634
1.0931504706061759
1.086023803956623
1.0801981393292017
1.0766266570673775
1.074880460491821
1.0713296939293606
1.0656370849093104
1.0588356833806305
1.0521218785874655
1.0466341531641845
1.0432701217485931
1.041625678210048
1.0382824887124613
1.0329232849199794
1.0265214224278978
1.0202035463473553
1.0150407732679358
1.011876604706437
1.010330254001845
1.0071872994256434
1.0021503017806364
0.996135501143625
0.9902021734249011
0.9853557188466411
0.9823864087288996
0.9809357376158339
0.9779881773539696
0.973266054645995
0.9676302225085429
0.9620741268750468
0.957538476844956
0.9547608404580217
0.9534043054690802
0.9506490259155882
0.9462370592383991
0.9409749621830326
0.9357913151631756
0.9315628030730405
0.928974685734909
0.927711223437452
0.9251460381660639
0.9210408237640166
0.9161485145396782
0.9113334868464076
0.9074089852606892
0.9050084528468076
0.9038370814493693
0.9014599160874397
0.8976580489631854
0.8931312803283031
0.8886804201640714
0.885056046901763
0.8828405916174926
0.8817600222614157
0.8795681238256421
0.8760649333797819
0.8718976571452153
0.8678044252073356
0.8644743632586458
0.8624401899852785
0.8614484807301217
0.8594377206405515
0.8562261753974276
0.8524092756300217
0.8486638474767698
0.8456194114031561
0.8437608879511647
0.842855181579111
0.8410195366051934
0.8380894548901132
0.8346098803635744
0.8311983788789661
0.8284274589996361
0.826736809374438
0.8259131930867447
0.8242444802143254
0.8215821643903762
0.8184225921257475
0.81532686847439
0.8128138390670259
0.8112811272308598
0.8105346357610763
0.809022541137594
0.8066108894515285
0.8037499657588221
0.8009479535468973
0.79867404863273
0.7972874472331561
0.7966122044488433
0.7952445918315707
0.7930636518044754
0.7904767468995644
0.787943303949362
0.7858873740891479
0.7846336577483335
0.7840231252032126
0.7827865557875917
0.7808143989784515
0.7784747146080324
0.776182776942898
0.7743222723702647
0.7731874362065554
0.7726347189805942
0.771515079599153
0.7697288273846219
0.7676086471771946
0.7655304826554268
0.7638424869682421
0.7628123822889759
0.7623105393721215
0.7612936721758583
0.7596705024729378
0.7577423853367673
0.755850755408435
0.7543129186997035
0.7533738161122887
0.7529161323945903
0.7519883807513441
0.7505063848131126
0.7487441554402139
0.7470132532721774
0.7456045268457174
0.7447435514128493
0.7443237455656071
0.7434723666765528
0.7421111842994392
0.7404906478077073
0.7388967543679765
0.73759788929301
0.7368033089775405
0.7364156692755515
0.735629099772936
0.7343703174278282
0.7328696898743647
0.7313915503171788
0.7301853691570201
0.7294467454560252
0.7290861987496733
0.7283541855538331
0.7271815216640185
0.7257816122836189
0.7244005747883282
0.7232720554245287
0.722580281826902
0.7222424086357506
0.721556032263095
0.7204553553237059
0.7191395579400144
0.7178395341121799
0.7167757553284044
0.7161230145040633
0.7158040254310674
0.7151556467985358
0.7141148764806022
0.7128690303282479
0.7116363366306615
0.7106263338047505
0.710006002950502
0.7097026907052513
0.7090858502582993
0.7080947870793182
0.7069069602405111
0.705730091354468
0.7047646624968706
0.7041711908435992
0.7038808694027114
0.7032901615746106
0.7023402808797652
0.7012005171451143
0.7000698894870503
0.6991413813442229
0.6985701573680263
0.6982905966481265
0.6977215362782445
0.6968057721422163
0.6957058301974666
0.6946135222845928
0.6937156169419669
0.6931628371756204
0.6928921988484973
0.6923410906237688
0.6914536263975606
0.6903867296824551
0.6893262357501246
0.6884537499398959
0.6879162963627312
0.6876530740824851
0.6871168913782526
0.6862529664150561
0.6852135740023755
0.6841795800319392
0.6833282838688675
0.6828036136540891
0.682546579443537
0.6820228559098798
0.6811785932808139
0.6801621966211666
0.6791503826138356
0.6783168402306838
0.6778028890917209
0.6775510464209873
0.6770377812583757
0.6762100376273317
0.6752129840724397
0.6742198530297614
0.6734012852049993
0.6728963842806799
0.6726489277749561
0.6721445045040575
0.6713307416723229
0.6703500838998409
0.6693728163223831
0.668566983884304
0.6680697893077969
0.667826070635611
0.6673291883880186
0.666527364788573
0.6655607338366529
0.6645970652650899
0.6638021711256705
0.6633116049212475
0.6630711041911752
0.6625807201399283
0.6617892000408325
0.6608346992505485
0.6598828181585468
0.659097425752126
0.6586126266763426
0.6583749286591374
0.6578902101848882
0.6571076882978932
0.6561638053164955
0.6552222684522011
0.6544452341553022
0.6539655169870482
0.6537302914317404
0.6532505765407386
0.6524760156810991
0.6515415497806369
0.6506092123356098
0.6498396297911686
0.6493644518207606
0.6491314372596246
0.6486562020317184
0.6478887818824308
0.6469627842659573
0.6460387425547189
0.6452758969887267
0.6448048305282619
0.6445738209936263
0.6441026528871081
0.643341727991789
0.6424234528695543
0.6415069973734493
0.6407503281906379
0.6402830380751503
0.6400538722306397
0.6395864482461899
0.6388315136625362
0.6379203782736411
0.6370109552911458
0.6362600255381086
0.6357962507611337
0.6355688030314788
0.6351048718915351
0.6343555351624417
0.6334510871495009
0.6325482675007681
0.6318027389494176
0.6313422776818474
0.6311164510177587
0.6306558186348301
0.6299117769424445
0.6290136677780573
0.6281171213357215
0.6273767342189966
0.6269194316294069
0.6266951516267714
0.6262376692934168
0.6254986908936875
0.624606654287259
0.6237161292799875
0.6229806858268088
0.622526424187555
0.6223036343111374
0.6218491891102893
0.6211150982662978
0.6202289326535446
0.6193442388986803
0.6186135900023988
0.6181622806805667
0.6179409383976928
0.617489445440004
0.6167601102216178
0.6158796645760649
0.615000659878854
0.6142746942752648
0.6138262712281719
0.6136063448687086
0.6131577409875533
0.6124330633643051
0.6115582256847816
0.6106848048203641
0.6099634403357044
0.6095178548584617
0.6092993210811191
0.6088535597497131
0.608133467614719
0.6072641556709382
0.6063962415363982
0.6056794180623548
0.6052366345715825
0.6050194763296304
0.6045765235786682
0.6038609643385815
0.6029971182264351
0.6021346547177302
0.6014223285546798
0.6009823211940368
0.6007665260984094
0.6003263572334809
0.5996152926607383
0.598756868837091
0.5978998151551593
0.5971919544976387
0.5967547044310777
0.5965402634450481
0.5961028604279104
0.5953962625506737
0.5945432290607844
0.5936915551449431
0.5929881364553271
0.5925536296914906
0.5923405360817959
0.5919058854279609
0.5912037332365134
0.5903560659062297
0.5895097488126684
0.58881075396231
0.5883789796464836
0.5881672281615824
0.5877353192953905
0.5870375961715499
0.5861952756387101
0.5853542967155239
0.5846597107499623
0.5842306598265647
0.5840202460521962
0.5835910700162419
0.5828977617119548
0.58206077108923
0.5812251137524758
0.5805349231360282
0.5801085873001526
0.5798995071555115
0.5794730556031276
0.5787841486704686
0.5779524717418898
0.5771221197719729
0.5764363110499353
0.5760126819511253
0.5758049313062532
0.575381195737199
0.5746966763365862
0.5738702961858362
0.5730452324269706
0.5723637912017789
0.571942859833726
0.5717364342165716
0.5713154053923208
0.5706352583837209
0.569814156355676
0.5689943617431101
0.5683172719180494
0.5678990281723628
0.5676939225557298
0.5672755900762088
0.5665997983670312
0.5657839533307207
0.5649694062068296
0.5642966494588446
0.5638810818158362
0.563677290470121
0.5632616424826242
0.5625901865818363
0.5617795744306466
0.5609702500850844
0.5603018055121236
0.559888900834272
0.5596864172294023
0.5592734402342927
0.5586062979548085
0.5578008912723718
0.5569967616354976
0.556332605523723
0.5559223489214915
0.5557211656636785
0.555310844391359
0.5546479906675366
0.5538477585346815
0.5530487920144367
0.5523888977251925
0.5519812724961692
0.551781381300799
0.5513736986610702
0.5507151054797266
0.5499200134109401
0.5491261748491887
0.5484705127971026
0.5480655004193604
0.5478668921092744
0.5474618291916507
0.5468074656034183
0.5460174755780063
0.545228726300861
0.5445772640091011
0.5441748441807484
0.5439775087073482
0.5435750448271701
0.542924877028053
0.5421399475991162
0.5413562455344838
0.5407089477372118
0.5403090984417744
0.5401130249175488
0.5397131376831634
0.5390671291261064
0.5382872155605103
0.5375085153852854
0.5368653441564639
0.5364680417463799
0.536273218487235
0.5358758838889806
0.5352339954359486
0.5344590499115682
0.5336853032630007
0.5330462181998552
0.5326514375129019
0.5324578520956926
0.5320630446246248
0.5314252347393325
0.5306552065780998
0.5298863622841221
0.5292513206958827
0.5288590351714575
0.5286666744912054
0.5282743672557917
0.5276405921945209
0.5268754280974406
0.5261114324200715
0.5254803895363818
0.5250905713475422
0.5248994216832248
0.5245095865453848
0.5238798005812626
0.5231194449058574
0.5223602418218043
0.5217331510249466
0.5213457712217089
0.5211558183059743
0.5207684260228653
0.5201425816719869
0.5193869766993071
0.5186325081604632
0.518009321197157
0.5176243498357103
0.5174355789184446
0.5170505992715722
0.5164286475023268
0.5156777336927547
0.5149279398871176
0.5143086070886724
0.5139260133700567
0.5137384092868018
0.5133558112231977
0.5127377016872305
0.5119914179633334
0.5112462375993907
0.5106307081166133
0.510250460531287
0.5100640077739254
0.5096837595494925
0.5090694408111212
0.5083277248299627
0.5075870954039168
0.5069753174250575
0.5065973838862465
0.5064120666683447
0.506034135980924
0.5054235557317721
0.5046863441445826
0.5039502022004179
0.5033421231661439
0.5029664711426651
0.5027822734643639
0.5024066275858825
0.5017997328566768
0.501066961560948
0.5003352429376768
0.499730809741914
0.4993574063810602
0.4991743120892682
0.49880091798770465
0.49819765534492966
0.49746925972207734
0.49674189979240246
0.49614105898114325
0.4957698712320422
0.4955878640808091
0.495216688544291
0.4946170042906086
0.49389291944705604
0.4931698533554165
0.492572551320114
0.49220354605143335
0.49202260975938117
0.4916536195115988
0.49105745986897453
0.49033762085167254
0.48961878372457157
0.48902496687325936
0.4886581109782746
0.4884782292800338
0.48811139108548574
0.48751870236607786
0.4868030443713458
0.48608837152891304
0.4854979864628408
0.4851332469690508
0.4849544036690414
0.4845896844424029
0.4840004132236153
0.483288871803925
0.4825782989589147
0.48199129263034557
0.4816286367937046
0.481450815811316
0.48108818270806886
0.48050227597438067
0.4797947872031223
0.47908825062127036
0.47850457046451744
0.4781439658506148
0.47796715126050593
0.4776065717597291
0.47702397703896615
0.4763204776804155
0.47561791435579437
0.4750375084358218
0.4746789230125259
0.47450309909005206
0.474144541086881
0.4735652065984084
0.4728656342817956
0.472166982102717
0.47158979924454947
0.4712332014587215
0.47105835271655394
0.47070178459543754
0.47012565936316797
0.4694299527127068
0.46873515058742754
0.46816114047928004
0.46780649932063056
0.4676326105405124
0.4672780012401567
0.46670503520052264
0.46601313397018274
0.4653221219651531
0.46475123527383033
0.4643985203459504
0.4642255766130372
0.46387289569608114
0.46330303980654364
0.4626148850031431
0.46192760445668846
0.46135979291479323
0.4610089744867505
0.46083696121456796
0.46048617891752563
0.45991938523658504
0.45923491921747406
0.4585513128399512
0.4579865293314196
0.45763757839148056
0.4574664813485647
0.45711756863643593
0.4565537904116823
0.45587295698887687
0.4551929689629457
0.454631167601919
0.45428405590448584
0.4541138612366975
0.4537667898476947
0.45320598158554404
0.4525287261068911
0.4518523021662819
0.45129343836166846
0.45094813846714743
0.4507788327175213
0.45043357520373384
0.4498756927357661
0.44920196216599706
0.448529049676722
0.44797308019811055
0.4476295655128144
0.4474611356406317
0.4471176654056741
0.44656266594614635
0.44589240892953796
0.44522295694485337
0.4446698399629039
0.44432808476189045
0.44416051815349533
0.44381880947461916
0.44326665165534607
0.4425998185588771
0.4419337778652217
0.44138347299281655
0.441043452446948
0.4408767369295674
0.44053676498601924
0.4399874089040203
0.4393239518759131
0.43866127505086006
0.4381137433883353
0.4377754335908204
0.43760955744478913
0.4372712983418925
0.43672470559410925
0.436064578599197
0.4354052200392591
0.4348604241935412
0.4345238021699238
0.43435875413356584
0.4340221849123882
0.43347831861138
0.43282147745145316
0.43216539339647575
0.43162329750415296
0.4312883412283526
0.43112411050620736
0.43078920916071617
0.4302480339637462
0.4295944363133444
0.4289415848799756
0.4284021546317547
0.42806884303888637
0.42790541930722625
0.4275721647942827
0.42703364691466206
0.426383252327172
0.4257335935079052
0.42519679614441763
0.42486510912764963
0.4247024825329948
0.4243708547695988
0.42383496197400916
0.42318773188299375
0.42254122755355894
0.4220070318750171
0.42167695029260877
0.42151511145528886
0.4211850913260058
0.42065179294572097
0.4200076906747672
0.41936430459808705
0.4188326809629981
0.41850418663551636
0.4183431266479758
0.4180146960003768
0.4174839629223701
0.4168429536736653
0.4162026514892503
0.4156735718073534
0.4153466475140757
0.4151863579392501
0.41485949958156354
0.41433130424551123
0.4136933550968003
0.4130561043170431
0.4125295420442434
0.41220417151902033
0.4120446443880095
0.411719342083007
0.41119365846862976
0.41055873835347967
0.40992450833976335
0.4094004384566343
0.40907660637406096
0.40891783417929695
0.40859407263080527
0.4080708762378311
0.4074389559241869
0.4068077178694729
0.4062861168688965
0.40596380883764915
0.4058057845297185
0.405483549376342
0.4049628172128372
0.4043338692863987
0.40370559619331026
0.4031864420584359
0.40286564460526364
0.4027083615844944
0.4023876393812351
0.4018693499314523
0.40124334875414824
0.40061801539266106
0.4001012875626735
0.3997819881125011
0.39962544021984137
0.39930621842024294
0.3987903516201641
0.39816727330441637
0.3975448561914714
0.39703053554688417
0.3967127224140974
0.3965569039263688
0.39623917087297755
0.3957257080903407
0.39510553047152364
0.3944860078354573
0.3939740766633353
0.39365773902773427
0.39350264464581564
0.39318638954449625
0.3926753135376799
0.39205801612306423
0.39144136785543715
0.39093180981314646
0.39061693769985695
0.3904625625388416
0.3901477754406226
0.38963907033152445
0.38902463427131906
0.38841084189969877
0.3879036419911639
0.3875902262543711
0.38743656583561226
0.38712323761886225
0.38661688886008605
0.3860052969010255
0.3853943435358591
0.38488948806454637
0.3845775203580235
0.384424570594442
0.3841126929351919
0.3836086872646245
0.38299992370004254
0.3823917939913333
0.381889270528621
0.3815787432876103
0.3814265004749853
0.38111606582965685
0.3806143912412736
0.3800084418728762
0.37940312196604253
0.37890291931009124
0.3785938257236321
0.3784422865269139
0.3781332881029318
0.37763393379851884
0.37703078587702166
0.376428263355967
0.37593037148743846
0.3756227054727077
0.3754718669133936
0.3751642986454957
0.37466725499799836
0.37406689718288355
0.3734671610311455
0.372971571080873
0.372665327262796
0.37251518670892025
0.37220904323715764
0.3717143017533715
0.37111672406226326
0.37051976460762504
0.3700264688077457
0.3697216424872707
0.3695721976377442
0.36926747427560436
0.36877502754444436
0.3681802212929437
0.3675860301510294
0.36709502179179054
0.3667916089213765
0.3666428577944192
0.3663395505058631
0.3658493921638719
0.36525734992631875
0.3646659199618032
0.36417719335846677
0.3638751905202202
0.3637271314419337
0.3634252368176174
0.3629373615064395
0.36234807705836225
0.361759402321578
0.3612729527587728
0.360972357129544
0.36082498871702207
0.36052450393978397
0.3600389072526511
0.3594523755111716
0.3588664511855839
0.3583822748792276
0.35808308420870816
0.35793640535980487
0.35763732818425886
0.35715400663380414
0.35657022361769997
0.3559870459761605
0.35550514003291944
0.3552073526169508
0.3550613624962473
0.3547636912194587
0.35428264218720606
0.35370160495243574
0.35312117129144305
0.3526415336553743
0.3523451483037938
0.3521998463277374
0.3519035797593233
0.35142480145102084
0.35084650804284223
0.35026881664001763
0.3497914460601077
0.34949646207695473
0.34935184790357887
0.3490569853450278
0.3485804767544014
0.3480049261573388
0.34742997621440885
0.3469548721924056
0.3466612893424905
0.3465173628551028
0.34622390406562076
0.3457496649202625
0.34517685699719536
0.3446046485854577
0.34413181133662185
0.34383962982303906
0.34369639111963224
0.3434043362957677
0.34293236702558616
0.3423623024788469
0.34179283649795345
0.34132226691298584
0.3410314873520104
0.3408889367323127
0.3405982864802599
0.34012858816969604
0.3395612684805229
0.33899454659518824
0.3385262461882981
0.33823686957805066
0.33809500752852983
0.33780576283455765
0.3373383371777976
0.33677376455687025
0.33620978915413247
0.3357437600310966
0.33545578773248863
0.33531461491716286
0.335026777128725
0.334561626398445
0.3339998037455221
0.3334385778884208
0.3329748227040472
0.33268825641278355
0.332547773659142
0.33226134445535394
0.33179847145287944
0.3312394022955978
0.3306809296639379
0.33021945157583055
0.3299342932956595
0.3297945015817625
0.3295094829485308
0.3290488909677016
0.3284925794225071
0.32793686427775803
0.32747766691818114
0.3271939189429105
0.3270548193885521
0.3267712135994518
0.326312906392193
0.32575935711730075
0.32520640424844593
0.32474949167559153
0.3244671565582333
0.3243287504097072
0.32404655999503795
0.3235905417232612
0.32303975986491196
0.32248957454228844
0.3220349512080052
0.3217540317428327
0.3216163203645408
0.32133554809510656
0.3208818233054096
0.3203338144669292
0.31978640240766865
0.3193340731245513
0.3190545723245748
0.3189175571874099
0.3186382060495756
0.31818677962972153
0.3176415498152707
0.31709691712547183
0.31664688702012356
0.3163688080895195
0.31623249075775917
0.31595456392791377
0.3155054410696714
0.3149629966461607
0.31442114978960944
0.31397342428013175
0.313696770601112
0.3135611527260842
0.31328465355723445
0.31283783973274915
0.3122981873958466
0.311759133153263
0.31131371791036244
0.31103849301710085
0.3109035763239252
0.3106285083182261
0.3101840092348951
0.30964715595625236
0.30911090137587927
0.3086678022865321
0.3083940098447808
0.3082597961229414
0.3079861629136058
0.3075439844875536
0.30700993748565253
0.30647648985632614
0.30603571300076204
0.3057633567929674
0.30562984788874026
0.3053576532237905
0.30491780155130854
0.30438656825297805
0.30385593506114716
0.3034174866751833
0.30314657057669336
0.3030137683812999
0.3027430160996065
0.3023054974194732
0.3017770854171591
0.30124927430852644
0.3008131607557676
0.3005436887190349
0.30041159516158444
0.300142289178849
0.29970710985114835
0.2991815268784652
0.2986565456330652
0.2982227733817435
0.29795474942085853
0.29782336645997276
0.29755551075101394
0.2971226772252056
0.29659993111391714
0.296077787599593
0.2956463631839199
0.29537979135121795
0.29524912096418454
0.2949827195414798
0.2945522383258581
0.2940323369762812
0.2935130391269336
0.29308396913353185
0.292818853512296
0.2926888976912867
0.29242395459728776
0.29199583224431613
0.2914787836012671
0.29096233938465055
0.2905356304195603
0.29027197510149705
0.2901427358423003
0.2898792551255198
0.2894534981929233
0.2889393102016218
0.28842572758087215
0.28800138624312055
0.287739195315023
0.28761067461107537
0.28734866031577155
0.2869252753511127
0.28641395594334895
0.285903242863629
0.2854812757347691
0.2852205532686458
0.2850927531056744
0.28483220925905606
0.28441120278163723
0.2839027598400783
0.28339492418744605
0.2829753377914752
0.2827160878226955
0.2825890101682589
0.28232994076019047
0.2819113192224414
0.28140576055234234
0.28090081013430535
0.28048361092992735
0.28022583745242713
0.2800994842537978
0.279841893232744
0.2794256630189409
0.27892299633565365
0.27842093886191677
0.27800613322036405
0.27774984017064597
0.27762421334638354
0.2773681046012193
0.2769542719944056
0.27645450488406986
0.27595534792891385
0.2755429421058029
0.2752881333480257
0.2751632347812123
0.2749086121286215
0.2744971832947858
0.27400032320077194
0.27350407419445766
0.2730940743247334
0.272840753646971
0.2727165851833444
0.27246345236359204
0.2720544333409549
0.27156048754554796
0.27106715374894286
0.27065956582094586
0.27040773691808084
0.27028430035719353
0.27003266101562495
0.269626057686116
0.2691350332786815
0.2686446217568381
0.26823945159587836
0.26798911806162806
0.2678664151537262
0.2676162728353333
0.2672120909181608
0.2667239947895954
0.26623651240627666
0.2658337656675336
0.2655849309883056
0.265462963430636
0.2652143215714666
0.26481256660511043
0.26432740542030153
0.26384285880545555
0.26344254094611763
0.2631952084844915
0.2630739779135354
0.26282683982596033
0.2624275171484829
0.26194529733072613
0.26146369287408966
0.26106580915333666
0.26081998214916347
0.2606994901412314
0.2604538590151222
0.260056973763918
0.2595777014884266
0.2590990453238433
0.25870360078294397
0.25845928233870374
0.2583395304024627
0.25809540928858965
0.257700966373422
0.25722464753636487
0.25674894551683636
0.2563559449642945
0.2561131380386694
0.2559941276124196
0.25575151941901986
0.25535952351920166
0.2548861637382469
0.25441342143709456
0.25402286944825114
0.2537815768542995
0.2536633093049172
0.2534222167936946
0.25303267234844284
0.2525622769450493
0.25209249963274694
0.2517044005280429
0.25146462491966837
0.25134710153574247
0.2511075273087986
0.25072043849784365
0.25025301247893594
0.24978620511182825
0.24940056295247892
0.24916230682356932
0.24904552881540276
0.2488074753159264
0.2484228460618496
0.2479583941223087
0.24749456134189707
0.24711137992571075
0.24687464560561878
0.246758614102788
0.24652208360815564
0.24613991756231002
0.2456784440638291
0.245217590173608
0.24483687301605528
0.24460166265863492
0.24448637870455592
0.24425137331721203
0.2438716738479485
0.24341318281105373
0.24295531177477692
0.2425770621112342
0.2423433776973951
0.24222884225096486
0.2419953639009318
0.24161813409707733
0.24116262920145104
0.24070774463789668
0.24033196541460278
0.2400998087446542
0.23998602267588964
0.23975407311149866
0.23937931576534233
0.23892680032922442
0.2384749054934563
0.23810159935559305
0.23787097204400354
0.23775793613213914
0.2375275169174671
0.23715523452466591
0.23670571150981345
0.23625680930232384
0.23588597860167404
0.23565688208084623
0.23554459701572483
0.23531570953209702
0.2349459042899742
0.23449937629147222
0.23405346923926906
0.2336851160143354
0.23345755152150005
0.23334601789736986
0.2331186633309148
0.23275133712114915
0.2323078063543882
0.23186489660833054
0.23149902258960253
0.23127299117277111
0.23116220949118116
0.23093638884047252
0.23057154324162887
0.23013101155463822
0.22969110089521116
0.22932770750349185
0.2291032100174295
0.22899318068514063
0.2287688947540687
0.22840653102742792
0.22796899988066777
0.22753208969815653
0.22717117803058606
0.22694821512985186
0.22683893845568903
0.22661618784941773
0.2262563069361505
0.22582177740613396
0.2253878687096993
0.2250294395499033
0.22480801169590237
0.22469948789408356
0.2244782730250261
0.22412087555354532
0.2236893483357001
0.2232584417493655
0.22290249555900665
0.22268260301226128
0.22257483219830299
0.22235515327730937
0.2220002395487164
0.2215717149414509
0.2211438106926309
0.22079034760660043
0.2205719904267145
0.22046497261815112
0.22024682965712117
0.21989439965265056
0.21946887757084887
0.21904397550524735
0.2186929953428205
0.21847617339354386
0.21836990851172366
0.21815330132592337
0.2178033547063709
0.2173808346718591
0.21695893423660806
0.21661043648430578
0.216395149422846
0.21628963728789508
0.21607456548681903
0.21572710158119968
0.21530758271890704
0.21488868296984975
0.21454266679474543
0.21432891408249866
0.21422415441903198
0.21401061741790528
0.21366563524177984
0.2132491162966268
0.2128332159059454
0.2124896801541034
0.2122774610518814
0.21217345348569694
0.2119614504978049
0.2116189487373319
0.21120542805243936
0.21079252528958392
0.21045146847453822
0.2102407820387402
0.21013752609608716
0.2099270561324893
0.20958703315030114
0.20917650868364035
0.20876660143791703
0.20842802176144914
0.20821886685596702
0.20811636196864036
0.20790742384788174
0.20756987769291158
0.20716234701767888
0.20675543278724007
0.20641932812321961
0.20621170340770334
0.20610994890731504
0.2059025412437112
0.20556746963501382
0.20516292992892815
0.20475900582175832
0.20442537372597513
0.20421927766554404
0.20411827278881844
0.20391239400424865
0.20357979435159024
0.20317824241912597
0.20277730516870385
0.20244614288489515
0.20224157375019303
0.20214131763830245
0.2019369659590069
0.20160683535317325
0.20120826760988209
0.20081031355853618
0.20048161800674436
0.2002785738686601
0.20017906556521403
0.1999762390195059
0.19964857423371107
0.1992529867159778
0.1988580118325256
0.1985317796271424
0.19833025836893547
0.19823149682578567
0.1980301932551427
0.19770499076036963
0.19731237913743094
0.1969203790197671
0.19659660646541433
0.1963966057772577
0.19629858985126525
0.19609880690338244
0.19577606285570326
0.19538642241549375
0.19499739228154134
0.19467607537080767
0.19447759275136534
0.19438032120624804
0.1941820563397183
0.1938617665928941
0.19347509226230386
0.19308902697277652
0.19277016140410197
0.19257319417006968
0.19247666568009514
0.19227991617104045
0.19196207628113804
0.1915783626225771
0.1911952566685926
0.1908788378319457
0.19068338310875177
0.1905875962546144
0.19039235918867625
0.19007696440563926
0.189696205616519
0.18931605313118993
0.18900207612556663
0.1888081308607461
0.1887130841364133
0.18851935642324058
0.18820640171352387
0.1878285916478859
0.1874513864181253
0.18713984605314593
0.186947407013637
0.18685309882416767
0.18666087719148727
0.18635035722538085
0.18597548937768948
0.1856012248307124
0.185292115620177
0.18510117939130666
0.1850076080532972
0.18481688904968863
0.18450879821111776
0.18413686573473065
0.18376553496224268
0.18345885114479898
0.18326941414246178
0.18317657788943187
0.18298735789412213
0.18268169029164838
0.18231268600381334
0.1819442817567669
0.1816400172866217
0.18145207574967515
0.18135997272842452
0.18117224794381137
0.180868997400907
0.18050291377712036
0.18013742846960668
0.1798355770265303
0.17964912702617575
0.17955775530179174
0.17937152176463123
0.1790706818388692
0.1787075110350731
0.17834493676209995
0.17804549176081785
0.17786052920376605
0.17776988676055794
0.17758514034246353
0.177286704322956
0.1769264381682607
0.1765667666963786
0.17626972128020846
0.17608624190549804
0.17599632664580867
0.17581306305213573
0.17551702396072777
0.17515965396514233
0.17480287674653106
0.17450822380183162
0.17432622319086377
0.17423703294009663
0.17405524771977454
0.17376159832629234
0.17340711569502965
0.17305322387590039
0.17276095603449448
0.1725804296106599
0.17249196211652418
0.1723116506597826
0.1720203834765428
0.17166877910314504
0.17131776351864048
0.17102787315681844
0.17084881618665548
0.17076106912056943
0.17058222666305234
0.1702933339553443
0.1699445984394128
0.16959644963559128
0.16930892889277516
0.16913133649669376
0.16904430745835342
0.16886692908962786
0.1685804028849045
0.16823452653515147
0.16788923476297057
0.16760407553197432
0.16742794267735306
0.16734162919159523
0.16716570984845802
0.1668815419287757
0.16653851476104364
0.1661960699842382
0.16591326392498473
0.16573858543701725
0.16565298495934044
0.16547851943831482
0.16519670136019649
0.16485651311854532
0.16451690502852578
0.16423644357406708
0.16406321413697356
0.16397832405365342
0.16380530700967277
0.16352583009956057
0.16318847024918348
0.16285168825836926
0.1625735626123639
0.16240177676926315
0.162317594397706
0.16214602034611758
0.16186887570700037
0.16153433344663704
0.16120036670510274
0.160924567856636
0.16075422001873285
0.1606707426119076
0.16050060593703286
0.1602257844602626
0.15989404873226754
0.15956288613264746
0.15928940485662935
0.1591204893025555
0.15903771404833655
0.158869009001803
0.15859650136406245
0.15826756085221128
0.15793919103034781
0.15766801789169627
0.15750052877099208
0.15741845279436717
0.15725117350041096
0.1569809701743594
0.1566548133185286
0.15632922466893717
0.1560603500340374
0.1558942813739801
0.15581290174021056
0.15564704220086512
0.15537913346111232
0.15505574846091363
0.15473292913659797
0.15446634317116192
0.15430168887480455
0.15422100258817295
0.15405655668170404
0.15379093260371057
0.15347030741971324
0.1531502453378284
0.15288593801552786
0.15272269186853116
0.1526426958760414
0.15247965736496205
0.15221630783841
0.15189843020910132
0.1515811130661664
0.15131907417833723
0.15115722985316005
0.15107792104652518
0.15091628357991382
0.15065519831025398
0.1503400557498349
0.15002547101661534
0.14976569016786812
0.1496052412221882
0.14952661643687826
0.14936637355004123
0.14910754206068866
0.14879512186718813
0.14848325680334895
0.1482257234266502
0.14806666331290863
0.14798871933313507
0.14782986445703905
0.14757327610305282
0.14726356537021879
0.14695440702915796
0.14669911038566497
0.1465414324497054
0.1464641660073127
0.14630669246640693
0.14605233643074023
0.1457453220459506
0.14543885727749384
0.1451857864626227
0.14502948394865456
0.14495289172616843
0.14479679274469603
0.14454465804981886
0.14424032670804188
0.14393654217105478
0.14368568612237276
0.1435307521775755
0.14345483080982468
0.14330009951506284
0.14305017502665862
0.14274851323368942
0.14244739539804563
0.14219874289753953
0.14204517057277677
0.1419699166475663
0.141816546071027
0.14156882050044928
0.14126981457647148
0.1409713497279803
0.1407248894065063
0.14057267166011478
0.14049808172019596
0.14034606480211131
0.14010052671462603
0.1398041628055431
0.13950833705822063
0.13926405740602732
0.139113187109702
0.1390392576552184
0.13888858724932263
0.13864522506997368
0.13835148915160644
0.13805828844808943
0.13781617781324051
0.13766664775083548
0.13759337523909743
0.13744404411180255
0.13720284612556988
0.13691172400664087
0.13662113412599197
0.13638118072385197
0.13623298359806313
0.13616036444693513
0.13601236528467986
0.13577331964808437
0.1354847969828885
0.13519680354974284
0.13495899546752455
0.1348121239015736
0.13474015448992915
0.13459347989948078
0.13435657464012074
0.13407063692714694
0.13378522541091797
0.13354955060834683
0.13340399714760665
0.1333326738160885
0.13318731632741887
0.13295253935006102
0.13266917194187933
0.13238632766909042
0.13215277398961334
0.1320085311077932
0.1319378501625561
0.1317938022346663
0.13156114132962138
0.13128032944069368
0.1310000375989233
0.13076859277090058
0.1306256528706129
0.13055561058266996
0.13041286460362755
0.13018230744711268
0.12990403615457957
0.12962628179651148
0.12939693343775893
0.1292552888539955
0.12918588146144216
0.12904442975250774
0.12881596391327044
0.12854021816603378
0.1282649862166121
0.1280377218405011
0.12789736484392122
0.12782858855351975
0.1276884233722324
0.12746203631690634
0.12718880094130114
0.12691607620400092
0.12669088322388866
0.12655180602355287
0.1264836570118124
0.12634477055434346
0.12612044964972746
0.1258497093513835
0.12557947650954127
0.12535634223993242
0.1252185369842742
0.12515101139826612
0.12501339580092363
0.12479112831933747
0.12452286769248389
0.12425511132096112
0.12403402298857635
0.12389748177228199
0.1238305757328213
0.12369422307860489
0.1234739962057958
0.12320819973881036
0.12294290430512511
0.1227238490471283
0.12258856390932849
0.12252227351016565
0.12238717582689596
0.12216897665990167
0.12190562873664135
0.12164277860688166
0.1214257434787438
0.12129170640904086
0.12122602771966129
0.12109217698653474
0.12087599254458503
0.12061507745482736
0.12035465690084735
0.12013962887990637
0.12000683181956795
0.11994176088577291
0.11980914903362283
0.11959496625806665
0.11933646819857024
0.11907846140048584
0.11886542738925243
0.11873386223342841
0.11866939507884133
0.11853801399324304
0.11832581975255607
0.11806972283237194
0.1178141138833837
0.11760306071284177
0.11747271931312575
0.1174088519398957
0.11727869346304942
0.11706847455688596
0.1168147628037719
0.1165615357171923
0.1163524501539186
0.11622332432235538
0.11616005271330998
0.11603110864851907
0.11582285181332885
0.11557150917829517
0.11532064789076557
0.11511351663714287
0.1149855981460739
0.11492291826481527
0.11479518037590708
0.11458887228484826
0.11433988264384176
0.11409137101849431
0.1138861807181506
0.11375946130428893
0.113697369097018
0.11357082911294292
0.11336645638409415
0.11311980354739859
0.11287362538298673
0.11267036262644403
0.11254483399370763
0.11248332539070383
0.1123579750078676
0.11215552420605412
0.11191119191986942
0.11166733095077142
0.11146598227553639
0.11134163609547798
0.11128070701097847
0.1111565378936401
0.1109559955329491
0.11071396748335971
0.1104724073856822
0.11027295928250425
0.11014978719797774
0.11008943353259149
0.10996643731713718
0.10976778986668911
0.10952804968600027
0.10928877408234428
0.10909121299777702
0.10896920662471032
0.10890942426584616
0.10878759256180004
0.10859082644808993
0.10835335771801802
0.10811635018155208
0.10792066252206567
0.10779981345172551
0.10774059827472193
0.10761992266725251
0.10742502427736333
0.10718981053172705
0.10695505458799204
0.1067612267208311
0.10664152652064374
0.10658287438912772
0.1064633464403606
0.10627030212479305
0.1060373268557111
0.10580480599038289
0.10561282425164542
0.10549426446987731
0.10543617123845195
0.1053177824914524
0.10512657857023555
0.10489582523178953
0.10466552289167197
0.10447537358401426
0.10435794574862634
0.1043004072618352
0.10418314923953176
0.10399377200044313
0.10376522400967758
0.10353712360671707
0.10334879300613231
0.10323248862876966
0.10317550072333503
0.10305936493305268
0.10287180063921753
0.10264544138317433
0.10241952629910323
0.10223300065616847
0.10211781123306096
0.10206136973806856
0.10194634767192134
0.1017605825622585
0.10153639540021686
0.10131264899068171
0.10112791453553172
0.10101383155048538
0.1009579322892229
0.10084401542698096
0.1006600357207752
0.1004380039877315
0.10021640958307287
0.10003345252467
0.0999204674485501
0.09986510623774514
0.09975228604680275
0.09957007794343653
0.09935018495211345
0.09913072586294014
0.09894953239528625
0.09883763669016865
0.09878280934277761
0.09867107728201319
0.09849062696813782
0.09827285601582147
0.0980555155367604
0.09787607184032865
0.09776525695985683
0.0977109592842762
0.09760030680447507
0.09742160045293602
0.09720593482080808
0.09699069623124501
0.09681298847483255
0.0967032458656707
0.09664947366732335
0.09653989221257042
0.09636291598639346
0.09614933894455469
0.09593618551324568
0.09576019985724216
0.09565152096110907
0.09559827004293275
0.0954897510524706
0.0953144911074073
0.09510298591724897
0.09489190090547872
0.094717623504609
0.09460999976001183
0.09455726592330649
0.09444980083365628
0.09427624332121276
0.0940667932400494
0.09385775990498857
0.09368517691078893
0.0935785997542915
0.09352637879956127
0.09341995904552114
0.09324809011358859
0.09304067839420505
0.0928336799886953
0.09266277754926655
0.09255723841558527
0.09250552614257224
0.09240014315719414
0.0922299489528502
0.09202455884834748
0.09181957862733903
0.09165034289364016
0.09154583321946141
0.09149462542876918
0.09139027064751559
0.0912217373209554
0.09101835208776521
0.09081537330849976
0.09064779043308668
0.09054430165610938
0.09049359414907165
0.09039025900862896
0.09022337271260916
0.09002197561167691
0.08982098153776619
0.08965503767917227
0.08955256124121291
0.08950234982110317
0.08940002576216344
0.08923477265604873
0.08903534695546433
0.08883632085648863
0.08867200217803806
0.08857052952375533
0.08852080999534806
0.08841948846204062
0.08825585471126374
0.08805838368836483
0.08786130884560528
0.08769860152174935
0.08759812410307788
0.0875488922748513
0.08744856471864537
0.08728653650067919
0.08709100344629661
0.08689586315322728
0.08673475336742342
0.08663526264170507
0.08658651432464382
0.08648717220268765
0.08632673570427762
0.08613312392210837
0.0859399014865172
0.08578037543561301
0.08568186286878188
0.08563359387837544
0.08553522865665286
0.08537637007880505
0.08518466288888682
0.08499334163441574
0.08483538552746062
0.08473784259308381
0.08469004874838326
0.08459265190036724
0.08443535745692721
0.08424553819635783
0.0840561014652792
0.08389970152824588
0.08380311971061083
0.08375579683604073
0.08365935984670969
0.08350361576999177
0.08331566779761523
0.08312809895327788
0.08297324142878004
0.08287761222242906
0.08283075614747837
0.08273527051165352
0.08258106305016
0.08239496974512406
0.08220925217194086
0.08205592332097744
0.08196123823203472
0.08191484479195843
0.08182030201638746
0.08166761743818007
0.08148336220357244
0.08129947930973458
0.08114766541266505
0.08105391595917943
0.08100798099510342
0.08091437259862033
0.08076319719115688
0.08058076345352916
0.08039869867162963
0.08024838602947426
0.08015556374266986
0.08011008310219303
0.08001740061698648
0.07986772069011217
0.07968709190367029
0.07950682869417669
0.07935800363147472
0.07926610005683088
0.07922106959468955
0.07912930456739353
0.07898110645365541
0.07880226610011043
0.07862378795072011
0.07847643681430405
0.078385443511376
0.07834085908899802
0.0782500030804485
0.07810327313617016
0.0779262047265945
0.0777494951551514
0.07760360431731606
0.07751351286158048
0.07746937034839085
0.07737941493519962
0.07723413954168201
0.07705882661662145
0.07688386916975531
0.07673942502639264
0.07665022700754776
0.07660652228005027
0.0765174590535107
0.07637362461691843
0.07620005074802805
0.0760268290052899
0.07588381798012733
0.07579550500583565
0.07575223394917252
0.07566405451842151
0.07552164747273338
0.07534979626471561
0.07517829383730756
0.07503670237961657
0.07494926607295938
0.0749064245799751
0.07481912056969442
0.07467812737510293
0.07450798246582124
0.07433818299975314
0.07419799758902457
0.07411142959197115
0.07406901356474904
0.0739825766188833
0.0738429837658714
0.07367452882844638
0.0735064160034895
0.07336762314577605
0.07328191511663817
0.07323992046537953
0.07315434224384987
0.07301613624983894
0.0728493549914333
0.07268291252323777
0.0725454987557228
0.07246064237225092
0.07241906501667295
0.0723343371992815
0.07219750461315044
0.07203238077757312
0.07186759241676555
0.07173154430446793
0.07164753126154011
0.07160636712964497
0.07152248141310302
0.07138700881147741
0.07122352617779804
0.0710603757121877
0.07092567985216292
0.0708425018645773
0.07080174689430407
0.07071869499550765
0.07058456898769805
0.07042271137308731
0.07026118262715642
0.07012782564536124
0.07004547444573106
0.07000512458375319
0.06992289823745779
0.06979010546137232
0.06962985671903965
0.06946993355455966
0.06933790210941204
0.06925636945066493
0.06921642065360167
0.0691350116148719
0.06900353874178577
0.0688448827642798
0.06868654908147853
0.06855582986200837
0.06847510751580543
0.06843555574938343
0.06835495579188766
0.06822478952291888
0.06806771023945224
0.06791094997595337
0.06778152970312767
0.06770160946083159
0.06766245070072152
0.06758265161844612
0.06745377868774938
0.06729826006721851
0.06714305719999203
0.06701492262668296
0.06693579629972746
0.0668970265310449
0.06681802013727811
0.06669042730979413
0.0665364533584345
0.06638279190202034
0.0662559298123071
0.06617758923106543
0.06613920444859467
0.06606098257621795
0.06593465664926512
0.06578221141282015
0.06563007542119692
0.06550447263193959
0.06542690964730014
0.06538890585568247
0.06531146035772117
0.06518638816056743
0.06503545572256364
0.06488482928695127
0.06476047264553308
0.06468367912724027
0.06464605234030074
0.06456937508883343
0.06444554348186671
0.0642961079645179
0.06414697521590185
0.06402385160304114
0.06394781944119643
0.06391056568301856
0.06383464857047727
0.06371204444673673
0.06356409001028851
0.0634164351163502
0.0632945314422706
0.06321925254541938
0.063182367848853
0.06310720278602844
0.06298581306869622
0.06283932391141889
0.0626931310791079
0.06257243428755466
0.062497900584988386
0.06246138099309739
0.062386959911528095
0.06226677155646421
0.06212173191441117
0.061976985386465344
0.06185748244963385
0.06178368588784444
0.0617475274522814
0.06167384230072592
0.061554842292583345
0.06141123643789115
0.061267920495735595
0.061149598418607454
0.061076530964863096
0.06104072974731167
0.06096777249531016
0.06084994785124387
0.060707760093963614
0.06056585905412071
0.060448704869655145
0.06037635850784007
0.060340910578206675
0.0602686732117661
0.0601520109764806
0.060011225661313006
0.059870723876914056
0.05975472464946918
0.05968309138347472
0.059647992821567186
0.059576467346735384
0.05946095459655787
0.05932155610493872
0.05918243796377354
0.05906758078499941
0.0589966526349599
0.058961899528179984
0.058891077967219374
0.058776701804861275
0.058638674550879344
0.058500924475215044
0.05838719646615864
0.058316965470927684
0.05828255391619841
0.05821242830995743
0.05809917586809199
0.05796250430122818
0.057826106746759365
0.05771349505514678
0.057643953269408854
0.05760987937118678
0.057540441776300355
0.057428300212885475
0.05729296881365009
0.057157908268090196
0.05704640006873163
0.05697753956432017
0.056943799435645204
0.0568750419258901
0.056763998426788476
0.05662999170855265
0.056496252691632165
0.05638583518498308
0.05631764804917694
0.05628423781042713
0.056216152474812375
0.05610619424994745
0.055973496755425955
0.05584106381633447
0.055731724227461754
0.05566420256289106
0.05563111834209877
0.0555636972852227
0.0554548115698843
0.05532340787221557
0.05519226559001922
0.05508399116830809
0.055017127092339635
0.05498436502476345
0.05491760036541038
0.05480977441752799
0.054679649116478046
0.0545497820964691
0.054442560112741845
0.054376345756161015
0.05434390198347394
0.054277785854056404
0.05417100695375687
0.054042144676461845
0.05391353755170947
0.05380735529979397
0.053741782807342986
0.05370965347807477
0.053644178024706335
0.053538433473473646
0.05341081887158339
0.05328345629823872
0.05317830109028421
0.05311336261782529
0.05308154388614028
0.053016701266077604
0.05291197838409545
0.05278559613274858
0.052659462791528
0.05255532196057722
0.05249100967704834
0.05245949770310254
0.05239528008639027
0.052291566213334306
0.05216640100955239
0.05204148160086497
0.051938342494899814
0.05187464857804258
0.05184343952664783
0.05177983909209871
0.051677121582567764
0.051553158142461086
0.0514294373877231
0.05132728737289938
0.051264204011888026
0.051233294053162126
0.0511703029908972
0.051068569216576876
0.05094579227526452
0.05082325491181905
0.050722081366114224
0.050659600756883805
0.050628986064413795
0.05056659657109641
0.05046583391499837
0.050344228222190424
0.050222859004120934
0.050122649320249124
0.050060763668115627
0.05003044041987437
0.04996864470146889
0.04986884056063268
0.04974839088111693
0.04962817457498048
0.049528916154200076
0.049467617669217034
0.04943758204570514
0.04937637231254044
0.049277514091659924
0.04915820520046488
0.0490391265845993
0.048940806838821516
0.048880087737961375
0.04885033592274013
0.04878970439216879
0.04869177950584813
0.04857359618843837
0.04845564004895664
0.04835824639511266
0.0482980988976216
0.04826862707545487
0.04820856596672307
0.04811156183338383
0.04799448888018709
0.04787764000982797
0.04778115987087439
0.04772157620028317
0.04769238055795988
0.047632882094568174
0.04753678613848855
0.04742080834606632
0.04730505154109288
0.04720947234168271
0.047150444721649976
0.04712152144614201
0.04706257785121082
0.046967377496358154
0.04685247966054895
0.04673779971757419
0.04664310888289691
0.04658462953786646
0.04655597481616702
0.04649757831370671
0.04640326098475889
0.04628942790154156
0.04617580961577339
0.046081994568798024
0.046024055721048285
0.04599566573931213
0.045937808550688075
0.04584436166777728
0.045731578127027106
0.045619006287335395
0.04552605444568236
0.04546864831435293
0.045440519257086365
0.045383193600512683
0.04529060457862677
0.04517885536368205
0.04506731475179926
0.04497521352655198
0.0449183323264144
0.044890460375649255
0.04483365846451015
0.04474191470963085
0.04463118459201354
0.044520659976470256
0.04442939676720137
0.04437303270566417
0.04434541404011583
0.0442891280802975
0.04419821698694548
0.04408849072426335
0.04397896686021774
0.04388852905513474
0.043832674332294985
0.0438053051268632
0.043749527316608194
0.04365943626556401
0.04355069859696137
0.04344216021873848
0.043352535187747065
0.043297181992146605
0.04327005841589049
0.04321478094160902
0.04312549729476878
0.043017732937466135
0.04291016475845133
0.042821339854368645
0.04276648036361941
0.04273959858043952
0.042684813617260176
0.042596324717459666
0.04248951836295056
0.04238290506800979
0.04229486761825996
0.04224049399418739
0.04221385015980239
0.04215954986673687
0.04207184303073319
0.04196597934024737
0.04186030558538967
0.04177304289441075
0.041719147284140945
0.04169273754733993
0.041638914068494515
0.04155197658766241
0.041447040188892004
0.04134229059316574
0.04125578993221879
0.04120236446203762
0.04117618496102793
0.04112283041913223
0.04103664955059472
0.040932625030889014
0.04082878417471747
0.040743032784318345
0.0406900695614727
0.04066411642524237
0.04061122292372232
0.04052578589213063
0.040422657796872485
0.04031971021491643
0.040234695295296774
0.040182186401226616
0.0401564557457732
0.040104015361823286
0.04001930934937015
0.03991706217332158
0.03981499235134933
0.03973070106306942
0.03967863855491771
0.03965312648449526
0.0396011312706257
0.039517143418786205
0.03941576160496041
0.03931455397344763
0.03923097342888582
0.039179349333121394
0.039154051936636236
0.039102493914242586
0.03901921131338071
0.038918679243362675
0.03881831817218995
0.03873543543429214
0.0386842417468074
0.03865915509827644
0.03860802625770354
0.03852543594784841
0.03842573794012161
0.038326207733284434
0.038244009808225954
0.03819323848904688
0.03816835864450141
0.0381176509397001
0.03803573990063036
0.037936860200534994
0.03783814508866712
0.037756618922008656
0.03770626189371029
0.03768158489075901
0.03763129023794676
0.037550045388062614
0.037451968165180816
0.03735405230154676
0.03727318477321262
0.037223233916677145
0.03719875577266585
0.03714886604563006
0.03706827423393477
0.036970983572521376
0.036873851023319304
0.03679362894061988
0.03674407609186936
0.036719792801608975
0.036670299828870156
0.03659034783063042
0.036493827725031736
0.03639746246589226
0.03631787255971908
0.036268709506783736
0.036244617041695903
0.03619551260297449
0.03611618711320119
0.036020421458248464
0.035924807362542666
0.03584583627807625
0.035797054755503765
0.03577314906046958
0.03572442488171923
0.0356457125081171
0.03555068509323611
0.03545580592903086
0.03537744022362688
0.035329031911206954
0.03530530890418859
0.03525695665563333
0.03517884391411208
0.035084538414510646
0.03499037783163317
0.034912603962636624
0.03486456047742337
0.034841016045337625
0.034793027334091065
0.03471550063851936
0.034621900606085276
0.034528442132186754
0.034451246455619255
0.034403559351748214
0.03438018935067788
0.03433255572007354
0.03425560137918637
0.03416269023514573
0.03406991726198072
0.03399328601882168
0.033945946778233704
0.03392274702850884
0.03387545994890395
0.03379906415318423
0.03370682517607193
0.03361472095404139
0.033538640268249154
0.0334916403002854
0.03346860658655082
0.033421657454999476
0.03334580627442563
0.03325422259307409
0.03316277021766467
0.03308722608168857
0.03304055671319617
0.033017684779276024
0.032971064909398606
0.03289574427854447
0.03280479885815524
0.0327139812618924
0.03263895953378615
0.0325926120080986
0.0325698975570301
0.032523598178123336
0.03244879389358246
0.03235846952830457
0.03226826946773009
0.03219375585597106
0.03214772132279364
0.032125160010934906
0.032079172257713395
0.03200486996158247
0.03191514925849681
0.03182554930291026
0.031751529361192965
0.03170579887397729
0.03168338631065737
0.03163770122058729
0.03156388639668073
0.0314747517674796
0.03138573428581104
0.03131219339847746
0.03126675790466926
0.03124448964677562
0.03119909815002586
0.031125756106947122
0.031037189750136918
0.03094873689759403
0.03087566027138955
0.03083051060790787
0.03080838215803361
0.030763275073738328
0.030690390938733714
0.030602374830204226
0.030514468534805772
0.03044184118505555
0.030396968069203112
0.03037497487079399
0.030330142896570322
0.030257701598653597
0.03017021747201376
0.03008283941680645
0.0300106461548868
0.02996604017706339
0.0299441776111653
0.029899611316860586
0.029827597577213538
0.029740626911825885
0.029653758522584894
0.029581983943826273
0.029537635559272246
0.02951589894011697
0.02947158875883993
0.029399987074526734
0.029313511075010013
0.029227133498340052
0.029155761964403837
0.029111661482833284
0.02909004605327503
0.02904598227138422
0.028974776901298682
0.028888776481915457
0.02880287057148756
0.028731886199329537
0.02868802377776447
0.028666524705199592
0.02862269745455137
0.028551872404358747
0.02846632816794603
0.028380874460200545
0.02831026110033541
0.028266626729442024
0.02824523909933596
0.02820163834419631
0.028131177346987002
0.02804606956489586
0.02796104826258805
0.027890789487340584
0.02784737298456008
0.027826091796944397
0.027782707326066358
0.027712593827601495
0.027627902417290073
0.02754329336169903
0.02747337243940784
0.027430163432066834
0.02740898359338395
0.027365805003931598
0.027296022138733278
0.027211726639185585
0.027127509291473118
0.027057909173775485
0.02701489709209426
0.026993813411634093
0.0269508301012209
0.026881360676725308
0.026797440223941038
0.026713593632939236
0.02664429692453041
0.0266014709817739
0.02658047816172271
0.02653767930924822
0.026468505777522466
0.026384939075670744
0.026301441856880103
0.0262324308014783
0.026189779986186323
0.026168872618168137
0.026126247174955708
0.02605735161491829
0.02597411690745055
0.025890947204480597
0.02582220364816301
0.02577971670012147
0.025758889253179262
0.02571642591965606
0.025647790003004545
0.025564865039651608
0.025482000500849367
0.02541350587794966
0.025371171280708538
0.025350418097239924
0.025308105314458373
0.025239710286584227
0.02515707228948294
0.025074490022335638
0.025006225310477248
0.024964031261637487
0.024943346543521372
0.02490117246411927
0.02483299910292658
0.024750624728016035
0.024668301272752657
0.024600246978202733
0.02455818138195376
0.024537559186056157
0.024495511665159952
0.02442754025918603
0.024345405555788346
0.024263316828934123
0.024195452930936057
0.024153503361905138
0.024132937582901803
0.02409100414365639
0.024023214443841923
0.023941294811729463
0.023859416080767915
0.0237917220194781
0.023749875716033486
0.023729360082434425
0.023687527906087524
0.02361989909932838
0.023538169235141737
0.02345647504128401
0.023388929642464973
0.023347173458876824
0.023326701510340442
0.02328495739269343
0.023217468043759126
0.023135901897813227
0.023054366041753482
0.02298694751699948
0.022945267924239232
0.022924833010677048
0.02288316335542362
0.022815791378466344
0.022734362081722637
0.022652957509555094
0.022585643344790185
0.022544026360597158
0.02252362160923127
0.022482012367531112
0.022414734951462734
0.022333414775797422
0.022252113591678224
0.02218488057857293
0.02214331178623219
0.022122930108755767
0.022081366783984535
0.022014160365628754
0.021932920618453977
0.02185169390501862
0.021784517961334515
0.021742982399064914
0.021722616440229103
0.021681083995387596
0.021613924157213305
0.021532735156386096
0.021451553048809302
0.021384409320249986
0.021342891542317943
0.02132253370518633
0.021281016597088254
0.021213878053757185
0.021132708970698744
0.021051540357452936
0.02098440291053194
0.020942886798284377
0.020922529158104552
0.020881011184787468
0.020813867629911442
0.02073268649615656
0.020651499220244673
0.02058434128885267
0.02054281020020099
0.020522444567966147
0.020480908966026945
0.02041373309626593
0.020332506561183905
0.02025126690111101
0.02018406034086695
0.020142496775413576
0.020122114546369474
0.020080543725731204
0.02001330699431314
0.019932000399146332
0.019850673522622486
0.01978338934431534
0.0197417752678426
0.01972136756296372
0.019679743332870814
0.01961241605893349
0.019530993046334544
0.019449542085506977
0.01938214946425454
0.01934046570021941
0.0193200230914794
0.019278326185123262
0.01921087713498615
0.019129299861665672
0.019047686859387625
0.018980154226976964
0.018938381125131798
0.018917893929753404
0.01887610448651067
0.01880850116662458
0.01872672965471267
0.018644913891305848
0.01857720711375599
0.01853532342716946
0.018514781202121355
0.018472877896691386
0.0184050858087641
0.01832307841894476
0.01824101829139302
0.018173102824624365
0.018131087036543647
0.018110479166823623
0.018068440187180457
0.018000423494095585
0.017918135831777704
0.01783578580874945
0.017767623337533678
0.017725451583125107
0.017704766345785217
0.017662567785141192
0.017594287955816412
0.017511673825058693
0.017428988071538143
0.017360540661741197
0.01731818929664719
0.017297415006940042
0.017255032788430213
0.01718645000314467
0.01710345954497683
0.01702038638054404
0.016951610289462238
0.016909052046223394
0.016888175323607868
0.016845582220252453
0.016776652863308428
0.01669323436384218
0.01660972308529196
0.016540576602277923
0.01649778546670788
0.016476793422249614
0.016433962763150234
0.016364642270882968
0.01628073900642235
0.016196729871539972
0.016127161995468597
0.016084106139686583
0.016062983179462975
0.01601988334041593
0.015950121523724548
0.01586567501795777
0.01578111180292474
0.015711076771427912
0.015667727646155427
0.015646459571778237
0.015603060981710826
0.015532807653688252
0.015447752432095285
0.015362564556323122
0.015292001372548825
0.015248320845131502
0.015226889013170819
0.01518315403786552
0.015112350255932938
0.015026619398284424
0.014940744473111778
0.01486960327761011
0.01482556026459747
0.01480394913231109
0.014759845087024104
0.01468843407433873
0.014601950827040966
0.014515303403889845
0.014443509098535756
0.014399056515392417
0.014377243115950122
0.014332723898100141
0.01426063465750893
0.014173321213508672
0.014085832028591483
0.014013330936556656
0.013968435430436799
0.013946402963830096
0.013901432750936138
0.013828600946943936
0.013740365992822134
0.013651929035574994
0.013578625929685728
0.01353322749730701
0.013510946744634822
0.013465467205509896
0.01339180463850198
0.01330255553255455
0.013213093401141407
0.013138931214411897
0.013092994750101283
0.013070447878929414
0.013024420286242844
0.012949854257282567
0.012859481253526539
0.012768859951139078
0.012693715025649865
0.012647161935683826
0.012624310652345372
0.012577658794590718
0.012502075687351066
0.012410464076889838
0.012318594427192409
0.01224240563294643
0.01219519927994206
0.012172024895777511
0.012124707436720783
0.012048025785789562
0.011955044005837578
0.011861756337982143
0.011784361934500609
0.011736397944615007
0.011712849311964035
0.011664764112568449
0.011586831595158387
0.011492328004244712
0.011397509666434047
0.011318838035634826
0.011270075818499592
0.01124613261218066
0.011197234867870165
0.011117961390318953
0.011021783445952948
0.010925227566765727
0.01084507331836626
0.010795376487493513
0.010770970753767983
0.010721122408449801
0.01064029539418776
0.010542221326840462
0.010443755698412716
0.010362010088371676
0.010311321315247923
0.010286426241851387
0.01023557251314422
0.010153093181852313
0.010052965350356047
0.009952371209452693
0.009868802700141899
0.009816958035388623
0.009791488360763267
0.009739447533627654
0.009655008646442198
0.009552457276402748
0.00944939784849197
0.009363772298616624
0.009310651673509085
0.009284555731483124
0.009231236705575796
0.00914472603892591
0.009039648095399144
0.00893400403057143
0.008846161114652418
0.008791618745137342
0.008764808989139894
0.00870999700072339
0.008620960306298997
0.008512650814861189
0.008403628762957638
0.008312945331956811
0.00825665484614646
0.008228995746570433
0.008172475147809166
0.008080758664538834
0.007969344365838182
0.00785728033248212
0.007764002236774203
0.007706010937912566
0.007677479075812954
0.007619082328654159
0.0075240156771752
0.007408003381746298
0.007290862112945717
0.007193233476522565
0.007132590607202616
0.007102790771735812
0.007041905417601413
0.006943171417717053
0.006823372308565112
0.006702948692145938
0.0066026097295548425
0.006540097935902267
0.006509288091434584
0.006446092254632774
0.006342749615390275
0.006215786985547922
0.006086742381958388
0.005978779603523776
0.005911655737792287
0.005878680182517471
0.005811365230041332
0.005702482742206527
0.005570940605753805
0.005439151270810072
0.005329253940288936
0.005260518430288741
0.005226518464596097
0.005156455378376279
0.005040756684575598
0.004896521751639682
0.004747876806131757
0.004622600577613767
0.004544643306367391
0.004506398029736403
0.004428540578599538
0.004303496511502303
0.004154091351278311
0.004005445416440878
0.003880848003980475
0.003801899345191373
0.003762421702083074
0.0036800030644847936
0.0035404142033677033
0.0033606635812510888
0.0031712773734611233
0.003011585647282544
0.002913526516946874
0.002866012442638066
0.0027707158651466557
0.002621516403324975
0.0024452609607443776
0.0022599052389580265
0.002085002337775421
0.0019619427429447
0.0018969360094640564
0.0017554179803500602
0.0015110968853573326
0.0012363816825438079
0.0010288019115769487
0.0007882723898475774
0.00033674459004728874