0.0
1.8085029997323403e-7
4.1572939022889497e-7
6.996987253283518e-7
9.836680604278086e-7
1.2185471506834696e-6
1.3637883217936329e-6
1.4569723201191654e-6
1.6918065251175081e-6
2.0715724276458332e-6
2.5307102364521856e-6
2.989848045258538e-6
3.369613947786863e-6
3.604448152785206e-6
3.743723415251799e-6
4.076959895304723e-6
4.615858615802248e-6
5.2673883504374595e-6
5.918918085072671e-6
6.4578168055701964e-6
6.79105328562312e-6
6.988687552907113e-6
7.461554264600481e-6
8.226258254562677e-6
9.150787055066378e-6
1.0075315855570078e-5
1.0840019845532274e-5
1.1312886557225642e-5
1.1593329365050525e-5
1.2264322195513794e-5
1.334942901737868e-5
1.4661325544146796e-5
1.597322207091491e-5
1.70583288927798e-5
1.7729321723243067e-5
1.8127261693472195e-5
1.9079371397470583e-5
2.0619090881893547e-5
2.248061511444804e-5
2.4342139347002533e-5
2.5881858831425497e-5
2.6833968535423885e-5
2.7398617233252605e-5
2.8749575331160594e-5
3.093429889531768e-5
3.357563447446403e-5
3.621697005361038e-5
3.840169361776747e-5
3.975265171567546e-5
4.05538156327521e-5
4.247061468820972e-5
4.557039703578742e-5
4.9318040690386666e-5
5.306568434498591e-5
5.616546669256361e-5
5.808226574802123e-5
5.921894857531517e-5
6.193840854354279e-5
6.633622686490232e-5
7.165319885779167e-5
7.697017085068102e-5
8.136798917204055e-5
8.408744914026817e-5
8.570003025952755e-5
8.955790531041822e-5
9.579672984857841e-5
0.00010333948239404826
0.0001108822349395181
0.0001171210594776783
0.00012097893452856897
0.00012326639341603995
0.00012873851935900094
0.0001375878556279312
0.00014828672257953746
0.00015898558953114373
0.00016783492580007398
0.00017330705174303497
0.00017655129473143245
0.00018431166466930873
0.00019686147142949546
0.00021203421531843766
0.00022720695920737987
0.0002397567659675666
0.0002475171359054429
0.00025211728527248743
0.00026311983098807807
0.00028091277432791187
0.000302424481837402
0.0003239361893468921
0.0003417291326867259
0.00035273167840231654
0.0003592522661590293
0.0003748456477336938
0.00040006273494299873
0.0004305502486683664
0.0004610377623937341
0.00048625484960303905
0.0005018482311777036
0.0005110866616754644
0.0005331746418065111
0.0005688945732771156
0.0006120800487422362
0.0006552655242073569
0.0006909854556779614
0.0007130734358090081
0.0007261538750087873
0.0007574178967005506
0.0008079770110106717
0.0008691030910641792
0.0009302291711176866
0.0009807882854278077
0.001012052307119571
0.0010305552684925705
0.0010747604274469972
0.0011462475095220062
0.0012326755484885414
0.0013191035874550766
0.0013905906695300856
0.0014347958284845123
0.0014609348983104736
0.0015233447910146173
0.0016242719503679677
0.0017462931073123846
0.0018683142642568014
0.0019692414236101518
0.0020316513163142953
0.002068510014793979
0.0021564379906002184
0.0022986321274798137
0.002470545150732707
0.0026424581739856
0.0027846523108651954
0.002872580286671435
0.0029244215323945165
0.003047941673434482
0.0032476942513981542
0.0034891955561205286
0.003730696860842903
0.003930449438806575
0.004053969579846541
0.0041266248631211914
0.0042994483498832205
0.0045789326244536
0.00491682972518793
0.00525472682592226
0.005534211100492639
0.005707034587254668
0.005808365262874416
0.006048845512156863
0.006437742005790017
0.006907918719261238
0.0073780954327324596
0.0077669919263656136
0.00800747217564806
0.00814786524470645
0.0084800149478219
0.009017156169557655
0.009666561084336507
0.01031596599911536
0.010853107220851114
0.011185256923966564
0.011378067194941496
0.011832344749458549
0.01256698698563001
0.013455171059889297
0.014343355134148583
0.015077997370320045
0.015532274924837098
0.015794057190006358
0.01640752726041045
0.017399610227892843
0.01859904071075457
0.019798471193616298
0.020790554161098693
0.021404024231502783
0.021754335306088456
0.022569700827853242
0.023888282263916476
0.025482450111151397
0.02707661795838632
0.028395199394449552
0.02921056491621434
0.029671107479504168
0.030734185586492706
0.03245335940429942
0.03453184431937458
0.03661032923444974
0.03832950305225646
0.039392581159244995
0.03998557668016056
0.04134118632742875
0.043533432219267816
0.04618386230907463
0.04883429239888145
0.05102653829072051
0.052382147937988705
0.05312809113699983
0.05481500646198381
0.05754302864634118
0.060841213448510297
0.06413939825067941
0.06686742043503678
0.06855433576002076
0.06946960846456665
0.07151587290942744
0.07482502228875089
0.07882579114377505
0.08282655999879922
0.08613570937812266
0.08818197382298346
0.08927697821075668
0.09169697634318374
0.0956105151519127
0.10034199215223241
0.10507346915255213
0.10898700796128108
0.11140700609370814
0.11268534732716676
0.11547939918006503
0.11999784496454663
0.12546065582483035
0.13092346668511406
0.13544191246959567
0.13823596432249394
0.139694815100232
0.142851068750409
0.14795525498288842
0.15412622732905729
0.16029719967522615
0.16540138590770556
0.16855763955788258
0.17018900033773882
0.17368667947767943
0.1793430074191027
0.18618152030197405
0.1930200331848454
0.19867636112626866
0.20217404026620928
0.20396640084113335
0.20777933438016907
0.2139454810313464
0.2214003658521052
0.22885525067286402
0.23502139732404134
0.23883433086307707
0.24077428443280302
0.24487396031057765
0.25150381693562796
0.259519328131499
0.2675348393273701
0.2741646959524204
0.27826437183019503
0.2803379156987174
0.2846957323075059
0.2917430453575839
0.3002632622866007
0.30878347921561755
0.31583079226569555
0.320188608874484
0.3223820506643512
0.3269707616594063
0.33439146927093605
0.3433631210434283
0.35233477281592057
0.3597554804274503
0.3643441914225054
0.3666446977122666
0.37143920496318594
0.37919271929188786
0.38856673511513135
0.39794075093837483
0.40569426526707675
0.4104887725179961
0.41288464498709954
0.4178623319558501
0.42591207830436173
0.43564423928905394
0.44537640027374614
0.4534261466222578
0.45840383359100834
0.46088460105602425
0.46602537481279216
0.4743388595772738
0.4843898808851291
0.49444090219298437
0.502754386957466
0.5078951607142339
0.5104515589306954
0.5157377257545451
0.5242863352502904
0.5346216228737624
0.5449569104972343
0.5535055199929796
0.5587916868168293
0.5614155772150013
0.566831635535739
0.5755903011497858
0.5861795470808395
0.5967687930118932
0.60552745862594
0.6109435169466777
0.6136277775638033
0.6191601801586748
0.6281069937823811
0.638923711069634
0.6497404283568868
0.6586872419805931
0.6642196445754647
0.6669580532382293
0.6725949685642644
0.6817107966280788
0.6927318527439923
0.7037529088599058
0.7128687369237202
0.7185056522497553
0.7212927731833928
0.7270238615505622
0.7362919830588537
0.7474971622830484
0.7587023415072431
0.7679704630155346
0.773701551382704
0.7765326308347817
0.782348842507073
0.7917546225340459
0.8031262312091476
0.8144978398842493
0.8239036199112222
0.8297198315835135
0.8325907047201857
0.8384841020664795
0.84801470414461
0.8595372229532376
0.8710597417618653
0.8805903438399958
0.8864837411862896
0.8893907506436661
0.8953543537772566
0.9049984902707658
0.9166582724365144
0.928318054602263
0.9379621910957723
0.9439257942293627
0.946865719722586
0.952893373753818
0.9626410911841448
0.9744261029296106
0.9862111146750765
0.9959588321054033
1.0019864861366352
1.0049564840781644
1.0110427455791324
1.0208852410195002
1.0327848395869093
1.0446844381543183
1.054526933594686
1.060613195095654
1.0636107470228855
1.069750787211261
1.079680251718849
1.09168499607921
1.1036897404395711
1.1136192049471592
1.1197592451355347
1.1227821137573817
1.1289716360370323
1.138981121302466
1.1510826109345111
1.1631841005665562
1.17319358583199
1.1793831081116406
1.182429299872397
1.188664469599666
1.1987477743674286
1.210938511939641
1.2231292495118533
1.233212554279616
1.2394477240068849
1.2425154571871029
1.2487928417955991
1.2589444150358764
1.2712176893410398
1.2834909636462033
1.2936425368864806
1.2999199214949768
1.3030075989977798
1.309324116875415
1.319538975109774
1.3318887611115366
1.3442385471132994
1.3544534053476582
1.3607699232252934
1.3638761093194272
1.3702289860718295
1.3805026426438964
1.3929235159648652
1.405344389285834
1.4156180458579009
1.4219709226103032
1.4250943230123954
1.4314810539597564
1.4418094583863914
1.4542965219835695
1.4667835855807476
1.4771119900073826
1.4834987209547437
1.4866381657305512
1.493056483669035
1.5034359695051773
1.5159847906384476
1.5285336117717179
1.5389130976078602
1.545331415546344
1.5484858443943277
1.5549336918098615
1.565360931713616
1.5779674876193317
1.5905740435250475
1.6010012834288019
1.6074491308443357
1.6106175803956937
1.617093085450036
1.6275650523481566
1.6402256832881266
1.6528863142280965
1.663358281126217
1.6698337861805594
1.6730153790093545
1.6795168347289422
1.6900307681617426
1.7027421367341535
1.7154535053065645
1.7259674387393649
1.7324688944589526
1.735662829545703
1.7421886757360627
1.7527420526100175
1.7655011083892649
1.7782601641685123
1.788813541042467
1.7953393872328267
1.7985449316664
1.8050937391517357
1.8156842482522746
1.828488196974876
1.8412921456974776
1.8518826547980165
1.8584314622833522
1.8616479440204987
1.868218400871957
1.878843920592285
1.8916901972309739
1.9045364738696626
1.9151619935899908
1.921732450441449
1.9249592519720027
1.931550151441275
1.942208730269003
1.9550949754410212
1.9679812206130394
1.9786397994407674
1.9852306989100397
1.9884672516997017
1.9950774816188517
2.0057673209937565
2.0186913602358514
2.0316153994779462
2.042305238852851
2.048915468772001
2.052161248374493
2.058789781819764
2.069509221035615
2.0824690465503135
2.095428872065012
2.106148311280863
2.112776844726134
2.116031366473094
2.1226772535212204
2.1334247563943673
2.146418510932266
2.1594122654701646
2.1701597683433116
2.176805655391438
2.1800684705822895
2.1867308310135556
2.197504974082563
2.2105309366756662
2.2235568992687695
2.234331042337777
2.240993402769043
2.244264095294645
2.2509421121185014
2.261741574173994
2.274798147477271
2.287854720780548
2.2986541828360405
2.305332199659897
2.3086103830035167
2.315303296700652
2.3261268494737877
2.339212548507515
2.352298247541242
2.3631218003143775
2.369814714011513
2.3731000285788357
2.3798071319688363
2.3906536318314617
2.4037670739466943
2.416880516061927
2.4277270159245523
2.434434119314553
2.4377262300513123
2.4444468637078995
2.455315244258229
2.4684551401728694
2.48159503608751
2.492463416637839
2.4991840502944265
2.502482644556083
2.509216192702779
2.5201054581280005
2.533270603902177
2.5464357496763537
2.557325015101575
2.5640585632482713
2.56736334889105
2.57410923571933
2.5850184548414483
2.598207724678922
2.611396994516396
2.6223062136385145
2.629052100466794
2.6323628041336087
2.6391204904934282
2.6500487914173
2.6632611311949317
2.6764734709725633
2.687401771896435
2.6941594582562547
2.69747582383457
2.704244804253827
2.7151913695471315
2.728425790987452
2.7416602124277727
2.752606777721077
2.759375758140334
2.76269754537206
2.7694773453672292
2.7804414077113204
2.7936969831244047
2.806952558537489
2.8179166208815802
2.8246964208767493
2.828023404102855
2.834813577747917
2.845794416006378
2.859070273536717
2.8723461310670557
2.8833269693255166
2.8901171429705785
2.893449109995314
2.900249237720275
2.9112461733787574
2.9245414927010165
2.9378368120232756
2.948833747681758
2.955633875406719
2.9589706264682674
2.965780313062156
2.9767927069988964
2.9901067154134626
3.003420723828029
3.0144331177647694
3.021242804358658
3.0245841511946465
3.0314030239909746
3.0424302735423834
3.0557622424276545
3.0690942113129256
3.0801214608643344
3.0869403336606624
3.0902860986584093
3.097113805883758
3.1081553421738066
3.1215045837574174
3.134853825341028
3.1458953616310765
3.1527230688564254
3.156073084278994
3.162909293547698
3.173964579053573
3.1873304434692638
3.2006963078849546
3.2117515933908294
3.2185878026595334
3.2219419099397486
3.22878630687966
3.2398548332093986
3.2532367058101723
3.266618578410946
3.277687104740685
3.284531501680596
3.2878895507760766
3.294741837772144
3.3058231236327913
3.319220422534409
3.3326177214360264
3.343699007296674
3.350551294292741
3.3539131430958258
3.3607730381397314
3.371866627477012
3.385278801308855
3.3986909751406977
3.4097845644779783
3.416644459521884
3.4200099733190026
3.4268772089544397
3.437982669247095
3.451409195090013
3.464835720932931
3.4759411812255863
3.4828084168610234
3.4861774678366975
3.4930517901910205
3.5041687108848287
3.5176090923778682
3.5310494738709077
3.542166394564716
3.549040716919039
3.552413183700211
3.55929435159422
3.5704223426623685
3.583876108262257
3.5973298738621455
3.608457864930294
3.615339032824303
3.618714800061178
3.625602584189681
3.6367412748075987
3.6502079761866177
3.663674677565637
3.6748133681835546
3.6817011523120575
3.6850801102920387
3.691974292468626
3.70312332979266
3.7166025403620595
3.730081750931459
3.741230788255493
3.7481249704320803
3.75150701472375
3.7584073871839077
3.769566435224341
3.7830577487718164
3.7965490623192917
3.8077081103597252
3.814608482819883
3.8179935139443026
3.8248998787016015
3.8360686172815033
3.849571646712442
3.8630746761433805
3.8742434147232823
3.881149779480581
3.884537702607453
3.8914498708580854
3.9026279946503477
3.916142370823608
3.9296567469968684
3.9408348707891308
3.947747039039763
3.9511377637062637
3.958055555277688
3.9692427729133954
3.9827681435633195
3.9962935142132436
4.007480731848951
4.014398523420375
4.017791963270679
4.024715206110549
4.035911239352488
4.049447268089674
4.06298329682686
4.074179330068799
4.0811025729086685
4.084498645452374
4.091427175154304
4.102631758130052
4.116178123514159
4.129724488898265
4.140929071874013
4.147857601575943
4.15125622796381
4.158189887326876
4.169402765816437
4.182959160494931
4.196515555173426
4.207728433662987
4.214662093026053
4.218063197841586
4.225001836460748
4.236222767234196
4.249788897141565
4.263355027048934
4.274575957822383
4.281514596441545
4.2849181075071066
4.291861581392003
4.3030903315930145
4.316665915205452
4.33024149881789
4.341470249018902
4.348413722903798
4.351819571100097
4.358767742319918
4.370004088891472
4.383588856532551
4.397173624173631
4.4084099707451845
4.415358141965005
4.418766261062831
4.425718997415175
4.436962726564036
4.450556419757266
4.464150112950496
4.475393842099357
4.482346578451701
4.485756904954958
4.492714079656768
4.5039649863536795
4.51756735721824
4.531169728082801
4.542420634779713
4.5493778094815225
4.552790282480688
4.559751773879542
4.571009661392343
4.584620472078619
4.598231282764895
4.609489170277696
4.61645066167655
4.6198652227117005
4.626830914015892
4.638095593472997
4.651714615634827
4.665333637796657
4.676598317253761
4.683564008557953
4.6869806014906645
4.69395038051662
4.705221670498561
4.718848684799413
4.732475699100265
4.743746989082206
4.750716768108162
4.754135339001593
4.7611090979373305
4.772386824094233
4.786021619744725
4.799656415395217
4.810934141552119
4.817907900487857
4.821328397494398
4.828306032677828
4.839590027370883
4.853232401695326
4.8668747760197695
4.878158770712824
4.8851364058962545
4.888558779152194
4.895540190863172
4.906830292828344
4.920480050858168
4.934129808887992
4.945419910853164
4.952401322564142
4.955825524090815
4.962810616355928
4.974106670388275
4.987763624480362
5.001420578572449
5.012716632604795
5.0197017248699085
5.023127708480885
5.030116388890074
5.041418245547186
5.055082215025338
5.068746184503489
5.080048041160601
5.08703672156979
5.090464442783646
5.097456622317812
5.108764137641022
5.122434948458894
5.136105759276766
5.147413274599976
5.1544054541341415
5.157834870092425
5.164830462961237
5.176143498213336
5.189820982637337
5.203498467061338
5.214811502313437
5.221807095182249
5.225238164572286
5.232237088061494
5.243555509479808
5.257239505790572
5.270923502101336
5.282241923519651
5.289240847008859
5.292673529991047
5.299675704318641
5.310999382882411
5.324689735093557
5.338380087304703
5.3497037658684725
5.356705940196067
5.360140198335369
5.367145546515971
5.378474357727056
5.39217091532006
5.405867472913064
5.417196284124149
5.424201632304751
5.4276374285060776
5.434645876223022
5.445979699899035
5.459682317573128
5.47338493524722
5.484718758923234
5.491727206640178
5.495164505087428
5.502175980572014
5.513514700651051
5.527223238087133
5.540931775523216
5.552270495602253
5.559281971086839
5.5627207371853284
5.569735171102772
5.581078675458969
5.594792997096631
5.608507318734293
5.61985082309049
5.626865257007934
5.630305457330012
5.637322782671649
5.648670962940878
5.662390937767645
5.676110912594412
5.687459092863641
5.694476418205278
5.697918020438904
5.704938172420267
5.716290923835278
5.730016425187319
5.74374192653936
5.7550946779543715
5.762114829935734
5.765557802835839
5.772580718800188
5.783937940034635
5.7976688454081735
5.811399750781712
5.822756972016159
5.829779887980508
5.833224201322956
5.840249820649968
5.851611413670719
5.865347604543485
5.879083795416252
5.890445388437003
5.897471007764015
5.900916632302004
5.907944896321253
5.919310766248492
5.933052127910577
5.946793489572663
5.958159359499901
5.96518762351915
5.9686345309419
5.975665382850864
5.987035437825476
6.000781859219012
6.014528280612549
6.0258983355871605
6.032929187496125
6.036377350389702
6.04341073517599
6.054784886233809
6.068536259800922
6.082287633368035
6.093661784425854
6.100695169212142
6.104144561022308
6.111180425389876
6.122558586342347
6.136314807880886
6.150071029419426
6.161449190371896
6.168485054739464
6.171935649736404
6.1789739420354985
6.190356029356392
6.204116997882966
6.217877966409539
6.229260053730433
6.236298346029527
6.23975011927436
6.246790789434976
6.258176722152782
6.271942339772653
6.285707957392524
6.29709389011033
6.3041345602709455
6.307587487583911
6.314630487052557
6.3260201866482175
6.339790358431673
6.353560530215128
6.3649502298107885
6.371993229279434
6.375447287209644
6.382492568889216
6.393885959198893
6.407660593063687
6.421435226928481
6.432828617238158
6.43987389891773
6.443329064714408
6.450376582906995
6.461773590029579
6.475552596629107
6.489331603228636
6.50072861035122
6.5077761285438065
6.511232380128914
6.518282090481363
6.529682642690441
6.543465935307314
6.557249227924187
6.568649780133264
6.575699490485714
6.5791568064279025
6.586208665879989
6.5976126935400305
6.611400187984738
6.625187682429445
6.636591710089486
6.643643569541573
6.647101929031371
6.654155895766429
6.6655633312529385
6.679354945767317
6.693146560281695
6.7045539957682045
6.711607962503263
6.715067345329433
6.7221233787272965
6.733534156350721
6.747329811515959
6.761125466681197
6.7725362443046215
6.779592277702485
6.783052664229487
6.79011072482163
6.801524780754809
6.8153243994037265
6.829124018052644
6.840538073985823
6.847596134577966
6.851057505724473
6.858117555151212
6.86953482736017
6.883338334493557
6.897141841626943
6.908559113835901
6.91561916326264
6.919081500481022
6.926143501450684
6.937563929628591
6.951371252335356
6.965178575042121
6.976599003220028
6.98366100418969
6.9871242894464585
6.99418820569639
7.005611731200517
7.019422798581473
7.03323386596243
7.044657391466557
7.051721307716488
7.055185523473597
7.062251319732934
7.073677885524437
7.087492628619495
7.101307371714554
7.112733937506056
7.119799733765394
7.123264862962395
7.130332504916487
7.141762055502878
7.1555804072215
7.169398758940122
7.180828309526512
7.187895951480605
7.191361977517585
7.19843143177399
7.209863913154144
7.223685808208852
7.237507703263561
7.248940184643715
7.25600963890012
7.259476545621397
7.266547779677368
7.277983139288945
7.291808514131754
7.305633888974563
7.317069248586139
7.32414048264211
7.327608254320632
7.334681236532011
7.346119423201154
7.35994821596276
7.373777008724366
7.385215195393509
7.392288177604888
7.395756798927311
7.402831498478768
7.414272462371975
7.428104612803562
7.441936763235149
7.4533777271283554
7.4604524266798125
7.463921882732221
7.470998269608763
7.482441962186803
7.496277411604337
7.510112861021872
7.521556553599912
7.528632940476454
7.532103216730681
7.539181261690364
7.550627635664161
7.564466326895043
7.578305018125925
7.589751392099722
7.596829437059405
7.600300519359936
7.607380193907728
7.618829203196082
7.632671080528042
7.646512957860002
7.657961967148356
7.665041641696148
7.668513516247573
7.675594792610302
7.687046392299384
7.7008914014315035
7.714736410563623
7.726188010252705
7.7332692866154344
7.736741939970413
7.743824791072757
7.75527893737727
7.769127025373031
7.782975113368792
7.794429259673305
7.801512110775649
7.804985529823385
7.812069929264835
7.823526579490779
7.83737769473304
7.851228809975301
7.862685460201245
7.8697698596426955
7.873244031597865
7.880329953630642
7.891789066139578
7.905643158287376
7.919497250435173
7.9309563629441096
7.938042284976886
7.941517197369031
7.948604616876877
7.96006615105165
7.973923170998752
7.987780190945855
7.999241725120627
8.006329144628474
8.009804785291811
8.016893677769644
8.028357593981465
8.042217493816581
8.056077393651698
8.067541309863518
8.074630202341352
8.07810655940499
8.085196900939358
8.096663160516204
8.110525893484773
8.124388626453342
8.135854886030188
8.142945227564557
8.14642228944311
8.153514056693421
8.16498262188968
8.178848142357174
8.192713662824668
8.204182228020926
8.211273995271236
8.214751750655791
8.221844920836274
8.23331575480357
8.247184018220224
8.261052281636879
8.272523115604175
8.279616285784657
8.28309472363411
8.29018927449648
8.301662341255646
8.315533304122564
8.329404266989481
8.340877333748647
8.347971884611018
8.351450994143724
8.358546903960518
8.370022168374632
8.383895788211202
8.397769408047772
8.409244672461886
8.41634058227868
8.41982035296445
8.426917600512988
8.438395028261457
8.452271263574007
8.466147498886556
8.477624926635025
8.484722174183563
8.488202595735945
8.495301160282919
8.50678071783654
8.520659528088183
8.534538338339827
8.546017895893447
8.553116460440421
8.556597522809286
8.56369738409591
8.575179038692864
8.589060384274497
8.602941729856129
8.614423384453083
8.621523245739708
8.625004939104103
8.63210607733184
8.643589796954602
8.657473639156965
8.671357481359328
8.68284120098209
8.689942339209827
8.693424653971109
8.700527049787906
8.712012803140997
8.725899104127787
8.739785405114578
8.751271158467668
8.758373554284466
8.761856481059677
8.768960115546733
8.780447872035303
8.79433659481728
8.808225317599256
8.819713074087826
8.826816708574881
8.830300238190373
8.837405092849362
8.848894822558552
8.862785930968586
8.87667703937862
8.88816676908781
8.8952716237468
8.898755747232093
8.90586180397288
8.917353477647936
8.931246936316963
8.945140394985991
8.956632068661047
8.963738125401834
8.96722283398369
8.974330075112475
8.985823664139582
8.99971943847344
9.013615212807297
9.025108801834405
9.032216042963189
9.035701328059915
9.042809736267799
9.054305212655601
9.068203268812674
9.082101324969747
9.093596801357549
9.100705209565433
9.104191062781371
9.111300621133347
9.122797957495122
9.136698262364806
9.150598567234491
9.162095903596265
9.169205461948241
9.172691875068454
9.179802566992768
9.191301736529239
9.20520425771115
9.219106778893062
9.230605948429533
9.237716640353847
9.241203605339008
9.248315414616908
9.259816391099655
9.273721096883577
9.287625802667499
9.299126779150246
9.306238588428146
9.30972609740959
9.316839008165417
9.32834176592087
9.342248625267398
9.356155484613927
9.36765824236938
9.374771153125208
9.378259198400162
9.385373195091804
9.396877708985784
9.410786691507642
9.4246956740295
9.43620018792348
9.443314184615122
9.44680275864211
9.453917826051772
9.46542407147457
9.47933514741857
9.49324622336257
9.50475246878537
9.51186753619503
9.515356631589409
9.522472754814691
9.533980707666666
9.54789384789628
9.561806988125893
9.573314940977868
9.58043106420315
9.583920673732823
9.591037838178128
9.602547474855767
9.6164626508343
9.630377826812834
9.641887463490473
9.649004627935778
9.652494744517044
9.659612935885244
9.67112423326772
9.685041417042044
9.698958600816367
9.710469898198843
9.717588089567043
9.721078706260593
9.728197910544997
9.739710845981165
9.753630010165994
9.767549174350822
9.77906210978699
9.786181314071394
9.789672424078418
9.796792627554996
9.808307178850825
9.822228296613526
9.836149414376226
9.847663965672055
9.854784169148633
9.858275765807084
9.86539695502696
9.876913100433375
9.890836145479271
9.904759190525168
9.916275335931584
9.923396525151459
9.926888601932424
9.934010763714594
9.94552848191573
9.959453428473891
9.973378375032052
9.984896093233187
9.992018255015358
9.995510805519555
10.002633926943867
10.014153197045694
10.02808001985519
10.042006842664687
10.053526112766514
10.060649234190826
10.064142252145208
10.07126632054556
10.08278712206488
10.096715796361485
10.11064447065809
10.12216527217741
10.129289340577762
10.13278281983224
10.139907822789986
10.151430135643793
10.165360637147105
10.179291138650417
10.190813451504223
10.19793845446197
10.201432388986237
10.20855831432383
10.220082118818999
10.234014423719993
10.247946728620986
10.259470533116156
10.266596458453748
10.270090842334204
10.27721767810901
10.288742954932331
10.302677039881287
10.316611124830242
10.328136401653564
10.33526323742837
10.338758064865138
10.345885799363478
10.357412529571981
10.371348371666809
10.385284213761636
10.39681094397014
10.40393867846848
10.40743394377253
10.414562565503886
10.426090730515494
10.440028307290422
10.45396588406535
10.465494049076959
10.472622670808315
10.476118368398668
10.483247866090075
10.494777447674537
10.508716737089149
10.52265602650376
10.534185608088222
10.54131510577963
10.544811230180658
10.55194159277128
10.563472573041386
10.57741355347001
10.591354533898633
10.602885514168738
10.61001587675936
10.613512422598156
10.62064363923402
10.63217600063709
10.646118650858497
10.660061301079905
10.671593662482975
10.678724879118839
10.682221841122677
10.68935390115157
10.700887626461213
10.714831925648653
10.728776224836093
10.740309950145736
10.747442010174629
10.750939383168504
10.758072276135032
10.76960734844313
10.783553276154658
10.797499203866186
10.809034276174284
10.816167169140812
10.819664948045054
10.826798663685834
10.838335066394801
10.852282602563896
10.866230138732991
10.877766541441959
10.88490025708274
10.88839843691069
10.895532965149714
10.907070681964969
10.921019806891449
10.934968931817929
10.946506648633184
10.953641176872209
10.957139752727981
10.964275083672096
10.97581409859477
10.989764792935961
11.003715487277153
11.015254502199827
11.022389833143942
11.025888800220237
11.033024924154766
11.044565221474612
11.058517466236799
11.072469710998986
11.084010008318831
11.09114613225336
11.094645485829355
11.101782393213856
11.113323957502395
11.127277734032509
11.141231510562623
11.152773074851162
11.159909982235662
11.163409717674956
11.170547399139094
11.182090215242937
11.1960455052205
11.210000795198063
11.221543611301906
11.228681292766044
11.232181405514664
11.239319851854212
11.250863904888599
11.264820690317897
11.278777475747196
11.290321528781583
11.29745997512113
11.300960460705607
11.308099662878558
11.319644938221058
11.33360320142355
11.347561464626041
11.359106739968542
11.366245942141493
11.369746796166968
11.376886745289768
11.388433228574199
11.402392952181133
11.416352675788067
11.427899159072497
11.435039108195298
11.438540326343716
11.445681013687592
11.45722869079808
11.471189857743337
11.485151024688593
11.496698701799081
11.503839389142957
11.507340967171286
11.514482384158692
11.526031241223924
11.53999383473705
11.553956428250176
11.565505285315409
11.572646702302814
11.57614863604133
11.583290774242489
11.594840797630114
11.60880480122957
11.622768804829027
11.634318828216653
11.641460966417812
11.644963251768422
11.652106102897966
11.663657279209167
11.677622676695755
11.691588074182343
11.703139250493544
11.710282101623088
11.71378473455771
11.720928290471411
11.732480606535624
11.746447381986101
11.760414157436578
11.771966473500791
11.779110029414493
11.78261300597347
11.789757258665077
11.801310701534856
11.815278839295733
11.82924697705661
11.840800419926389
11.847944672617995
11.851447988908573
11.85859293050671
11.870147487452737
11.884116972134242
11.898086456815747
11.909641013761775
11.916785955359911
11.920289607554738
11.927435230319917
11.938990888826154
11.95296170529637
11.966932521766587
11.978488180272825
11.985633803038004
11.989137787373677
11.996284083695377
12.007840831454349
12.021812964833508
12.035785098212667
12.047341845971639
12.054488142293339
12.057992455069007
12.065139417462833
12.076697242371033
12.09067067802597
12.104644113680909
12.116201938589109
12.123348900982934
12.126853538558908
12.134001159663839
12.14556004981727
12.159534773356027
12.173509496894784
12.185068387048215
12.192216008153146
12.195720966949574
12.202869239525269
12.2144291832151
12.228405180481676
12.242381177748252
12.253941121438084
12.261089394013778
12.264594670509346
12.271743587433539
12.283304573141882
12.29728183021112
12.311259087280357
12.3228200729887
12.329968989912892
12.333474580643555
12.340624134909504
12.352186151305293
12.366164654477917
12.38014315765054
12.39170517404633
12.398854728312278
12.402360629870035
12.409510814584054
12.42107385051906
12.435053586316826
12.449033322114593
12.460596358049598
12.467746542763617
12.471252751795316
12.478403560174366
12.489967604679277
12.503948559840277
12.517929515001276
12.529493559506188
12.536644367885238
12.540150881091398
12.547302306460733
12.558867348741387
12.572849510215445
12.586831671689502
12.598396713970157
12.605548139339492
12.609054953473178
12.616206989264073
12.627773018697749
12.641756373641972
12.655739728586195
12.66730575801987
12.674457793810765
12.677964905676486
12.685117545424003
12.696684551555817
12.710669087330235
12.724653623104652
12.736220629236467
12.743373268983984
12.746880675436605
12.754033912777434
12.76560188531686
12.779587589480197
12.793573293643535
12.805141266182961
12.81229450352379
12.815802201467491
12.822956030137831
12.834524958955264
12.848511819260809
12.862498679566354
12.874067608383786
12.881221437054126
12.884729423441383
12.891883837274895
12.903453712398338
12.917441716789927
12.931429721181516
12.94299959630496
12.950154010138471
12.95366228196905
12.960817274894847
12.972388086506673
12.986377223114768
13.000366359722864
13.01193717133469
13.019092164260487
13.022600718580488
13.029756284621186
13.041328023054973
13.05531828019285
13.069308537330727
13.080880275764514
13.088035841805212
13.091544675706114
13.09870080897593
13.110273464713389
13.124264830873415
13.13825619703344
13.149828852770899
13.156984986040715
13.160494096658454
13.16765079136135
13.17922435502932
13.193216818879325
13.20720928272933
13.2187828463973
13.225939541100196
13.229448925614275
13.236606176042148
13.24818063840968
13.262174188789427
13.276167739169173
13.287742201536705
13.294899451964579
13.298409107597186
13.305566908128108
13.31714226010361
13.331136886021344
13.345131511939078
13.35670686391458
13.363864664445503
13.367374588460658
13.37453293355715
13.386109166185603
13.400104856814686
13.414100547443768
13.425676780072221
13.432835125168713
13.436345314871444
13.443504199078811
13.455081303539064
13.469078048214703
13.483074792890342
13.494651897350595
13.501810781557962
13.505321234293476
13.51248065223816
13.52405861984028
13.538056408056331
13.552054196272382
13.563632163874502
13.570791581819186
13.574302294972089
13.581462241360082
13.593041063542776
13.607039884948614
13.621038706354453
13.632617528537146
13.63977747492514
13.643288445918664
13.650448915533946
13.662028583862048
13.676028428259537
13.690028272657026
13.701607940985127
13.70876841060041
13.712279636895657
13.719440624598677
13.73102113076068
13.745021988101193
13.759022845441706
13.77060335160371
13.77776433930673
13.781275818401934
13.788437319128137
13.80001865493381
13.814020515315338
13.828022375696866
13.839603711502539
13.846765212228743
13.85027694165855
13.857438950416919
13.869021107794957
13.88302396145928
13.897026815123603
13.908608972501641
13.91577098126001
13.919282958594792
13.92644547046644
13.938028441462194
13.952032278792117
13.96603611612204
13.977619087117795
13.984781598989443
13.988293821834596
13.995456831971392
14.007040608744626
14.021045420261288
14.03505023177795
14.046634008551184
14.05379701868798
14.05730948468326
14.06447298830648
14.0760575631292
14.090063339489443
14.104069115849686
14.115653690672406
14.122817194295626
14.126329901114508
14.13349389351352
14.145079258767858
14.159085990761657
14.173092722755456
14.184678088009793
14.191842080408806
14.195355025757836
14.202519502288823
14.214105650464944
14.2281133290129
14.242121007560854
14.253707155736976
14.260871632267962
14.264384813886137
14.27154976997083
14.283136693664925
14.29714530981581
14.311153925966696
14.322740849660791
14.329905805745485
14.333419221403652
14.340584652528126
14.352172344440424
14.3661818893688
14.380191434297176
14.391779126209475
14.398944557333948
14.402458204834206
14.409624106547668
14.421212559480498
14.435223024484365
14.449233489488233
14.460821942421063
14.467987844134525
14.471501721309643
14.478668089223273
14.490257296079188
14.504268672577716
14.518280049076244
14.529869255932159
14.537035623845789
14.540549728558647
14.547716558344453
14.559306512124367
14.573318791655652
14.587331071186936
14.59892102496685
14.606087854752657
14.609602184895683
14.616769472285391
14.628360166086795
14.642373340305681
14.656386514524568
14.667977208325972
14.67514449571568
14.678659049210326
14.68582678999428
14.697418217009469
14.711432277685427
14.725446338361385
14.737037765376574
14.744205506160528
14.747720280956722
14.754888470982833
14.766480624497179
14.780495563512215
14.79451050252725
14.806102656041597
14.813270846067708
14.816785840143352
14.823954475316043
14.835547348706328
14.849563158052948
14.863578967399569
14.875171840789854
14.882340475962545
14.885855687322998
14.893024763602197
14.904618350334948
14.918635022114175
14.932651693893403
14.944245280626154
14.951414356905353
14.954929783582953
14.962099296983094
14.973693590612987
14.987711117032411
15.001728643451836
15.013322937081728
15.02049245048187
15.024008090535437
15.031178037124489
15.042773031292777
15.056791404664656
15.070809778036535
15.082404772204823
15.089574718793875
15.093090570308249
15.100260946206754
15.111856634639718
15.12587584737911
15.139895060118501
15.151490748551465
15.15866112444997
15.16217718553555
15.169347986915712
15.180944363423166
15.194964408046124
15.208984452669082
15.220580829176535
15.227751630556698
15.231267899348978
15.23843912243374
15.25003618090755
15.26405705002933
15.278077919151109
15.28967497762492
15.29684620070968
15.300362675368824
15.307534316430978
15.319132050843637
15.333153737176968
15.347175423510299
15.358773157922958
15.365944798985112
15.369461477695513
15.376633533056838
15.388231937460048
15.402254433813424
15.416276930166799
15.42787533457001
15.435047389931334
15.43856427090119
15.445736736931591
15.457335805454886
15.471359104730897
15.48538240400691
15.496981472530203
15.504153938560604
15.507671020021515
15.514843893138195
15.526443619987596
15.540467715181315
15.554491810375033
15.566091537224434
15.573264410341114
15.576781690547675
15.583954967214316
15.595555346671011
15.609580230868382
15.623605115065752
15.635205494522447
15.642378771189088
15.645896248418477
15.653069925144449
15.664670951563506
15.678696617939792
15.692722284316078
15.704323310735136
15.711496987461107
15.715014660012722
15.72218873335229
15.733790401161391
15.747816842979645
15.7618432847979
15.773444952607
15.780619025946569
15.784136892141639
15.79131135869321
15.802913662391415
15.816940873000988
15.83096808361056
15.842570387308765
15.849744853860336
15.85326291204154
15.860437768446914
15.87204070260345
15.886068675438526
15.900096648273603
15.911699582430138
15.918874438835513
15.922392687366635
15.929567930310265
15.941171489563342
15.95520021814151
15.969228946719678
15.980832505972755
15.988007748916385
15.991526186181943
15.998701812390223
16.010305991445875
16.02433546936672
16.038364947287562
16.049969126343214
16.057144752551494
16.060663376956402
16.067839383196965
16.07944417682792
16.09347439777165
16.10750461871538
16.119109412346337
16.1262854185869
16.129804228556132
16.136980611637156
16.148586014681715
16.16261697240783
16.176647930133942
16.1882533331785
16.195429716259525
16.19894871023776
16.20612546700731
16.21773147436826
16.231763162714216
16.24579485106017
16.25740085842112
16.26457761519067
16.268096791641987
16.275273918987338
16.28688052563089
16.300912938510823
16.314945351390755
16.326551958034308
16.33372908537966
16.33724844278721
16.34442593763421
16.35603313858895
16.370066269992414
16.38409940139588
16.395706602350618
16.402884097197617
16.406403634063306
16.413581493375744
16.425189283731616
16.439223127722336
16.453256971713056
16.464864762068927
16.472042621381366
16.47556233622555
16.482740557004533
16.494348931911826
16.5083834826265
16.52241803334117
16.534026408248465
16.541204629027447
16.54472452038864
16.551903099671986
16.563512054340364
16.57754730598746
16.591582557634553
16.60319151230293
16.610370091586276
16.613890158020844
16.621069092882486
16.632678622580016
16.646714569438615
16.660750516297213
16.672360045994743
16.679538980856385
16.683059220938254
16.690238508487667
16.701848608539883
16.71588524495855
16.729921881377216
16.741531981429432
16.748711268978845
16.752231681299236
16.75941131868085
16.771021984469826
16.785059304865474
16.79909662526112
16.810707291050097
16.81788692843171
16.821407511598846
16.8285874959915
16.840198722954945
16.854236721811755
16.868274720668566
16.879885947632012
16.887065932024665
16.890586684663496
16.897767013279882
16.90937879691025
16.923417468778595
16.93745614064694
16.94906792427731
16.956248252893694
16.959769173645647
16.966949843731765
16.978562179575395
16.99260151907078
17.00664085856617
17.018253194409798
17.025433864495916
17.028954952018626
17.036135960853272
17.047748844509524
17.061788846311572
17.07582884811362
17.08744173176987
17.094622740604517
17.09814399357156
17.105325338465807
17.116938765586227
17.130979424437648
17.14502008328907
17.15663351040949
17.163814855303734
17.167336272404402
17.174517950701077
17.186131916988582
17.200173227694194
17.214214538399805
17.22582850468731
17.233010182983985
17.236531762923015
17.24371377199622
17.255328273204302
17.26937023063006
17.283412188055816
17.2950266892639
17.302208698337104
17.305730439834445
17.312912777089064
17.32452780902098
17.33857040809302
17.352613007165058
17.364228039096975
17.371410376351594
17.374932278142175
17.382114941013388
17.39373049952141
17.407773735225113
17.421816970928816
17.43343252943684
17.44061519230805
17.44413725314154
17.451320239094375
17.462936320079017
17.476980187458103
17.49102405483719
17.50264013582183
17.509823121774666
17.513345340415245
17.52052864694409
17.532145246353377
17.54618974050899
17.560234234664602
17.57185083407389
17.579034140602733
17.582556515828895
17.589740140457067
17.601357254285794
17.615402370375637
17.62944748646548
17.641064600294207
17.64824822492238
17.651770755526677
17.658954695805985
17.670572320095
17.68461805333246
17.69866378656992
17.710281410858936
17.717465351138245
17.720988035927085
17.728172289437378
17.739790420272904
17.753836765926202
17.7678831115795
17.779501242415026
17.78668549592532
17.790208333718773
17.79739289806752
17.809011531580445
17.823058484971817
17.83710543836319
17.848724071876113
17.85590863622486
17.859431625856434
17.86661649867831
17.878235631043513
17.89228318754838
17.906330744053246
17.917949876418447
17.925134749240325
17.928657889556764
17.935843068513247
17.947462695948936
17.96151085099511
17.975559006041287
17.987178633476976
17.99436381243346
17.997887102294545
18.0050725850735
18.016692703840576
18.03074145290747
18.044790201974365
18.056410320741442
18.063595803520396
18.067119241798768
18.07430502611406
18.08592563251546
18.099974971133324
18.11402430975119
18.125644916152588
18.13283070046788
18.136354286048817
18.143540369639922
18.155161460020004
18.16921138376916
18.183261307518315
18.194882397898397
18.2020684814895
18.205592213270755
18.21277859390238
18.224400164646305
18.2384506691564
18.252501173666495
18.264122744410418
18.271309125042045
18.274833001933647
18.28201967739536
18.293641724928495
18.307692805877785
18.321743886827075
18.33336593436021
18.340552609821923
18.344076630746
18.351263598851858
18.362886119639168
18.37693777275379
18.390989425868415
18.402611946655725
18.409798914761584
18.41332307865219
18.420510337240387
18.432133327785866
18.44618554883915
18.460237769892434
18.471860760437913
18.47904801902611
18.48257232482904
18.489759871761542
18.501383328607645
18.515436113419405
18.529488898231165
18.541112355077267
18.54829990200977
18.551824348682402
18.55901218184462
18.57063610157169
18.584689446007555
18.59874279044342
18.610366710170492
18.61755454333271
18.621079129843817
18.62826724714424
18.639891626369973
18.653945526340728
18.667999426311482
18.679623805537215
18.686811922837638
18.690336648167253
18.697525047537138
18.70914988291603
18.723204334376952
18.737258785837874
18.748883621216766
18.75607202058665
18.75959688372587
18.7667855631189
18.77841085134172
18.792465850291947
18.806520849242172
18.818146137464993
18.825334816858025
18.82885981680887
18.836048774200847
18.847674511994118
18.861730054476006
18.875785596957893
18.887411334751164
18.894600292143142
18.898125427918394
18.9053146613069
18.916940845432386
18.9309969275309
18.94505300962941
18.956679193754898
18.963868427143403
18.967393697766465
18.974583205170568
18.986209832424773
19.000266450266885
19.014323068108997
19.025949695363202
19.033139202767305
19.036664607272012
19.043854386731958
19.05548145394563
19.0695386036997
19.08359575345377
19.095222820667445
19.10241260012739
19.105938137557914
19.113128187134816
19.124755691172464
19.13881336904768
19.152871046922893
19.16449855096054
19.171688600537443
19.17521426994811
19.182404587723674
19.194032525483088
19.20809072772887
19.22214892997465
19.233776867734065
19.24096718550963
19.244492985964783
19.251683570040996
19.263311938452784
19.277370661358223
19.29142938426366
19.30305775267545
19.310248336751663
19.31377426732553
19.320965115824396
19.332593911851514
19.34665315174483
19.36071239163815
19.372341187665267
19.379532036164132
19.38305809594068
19.390249207003922
19.401878427641236
19.415938180889206
19.429997934137177
19.44162715477449
19.448818265837733
19.45234445391054
19.45953582569934
19.47116546797317
19.485225730980616
19.499285993988064
19.510915636261892
19.51810700805069
19.521633323522803
19.528824954217523
19.540455015185216
19.55451578439446
19.568576553603705
19.5802066145714
19.58739824526612
19.59092468724992
19.59811657504984
19.609747051799335
19.623808323689687
19.63786959558004
19.649500072329534
19.656691960129454
19.660218527746558
19.667410670869618
19.67904156051902
19.693103331606274
19.707165102693526
19.71879599234293
19.72598813546599
19.729514827847073
19.73670722452961
19.748338524226796
19.76240079106271
19.776463057898624
19.78809435759581
19.795286754278347
19.798813570563055
19.80600621905956
19.817637925981746
19.831700685153578
19.84576344432541
19.857395151247594
19.8645877997441
19.868114739080923
19.875307637663788
19.886939749017138
19.90100299714714
19.91506624527714
19.92669835663049
19.933891255213354
19.9374183167595
19.944611463718772
19.956243976738016
19.97030771048296
19.984371444227904
19.996003957247147
20.003197104206418
20.00672428712769
20.013917680770838
20.02555059271887
20.039614808769592
20.053679024820315
20.065311936768346
20.072505330411495
20.076032633882182
20.083226272533857
20.09485958070136
20.108924275782293
20.122988970863226
20.13462227903073
20.141815917682404
20.145343340885162
20.15253722288697
20.164170924592046
20.17823609546077
20.19230126632949
20.203934968034567
20.211128850036374
20.214656392162123
20.221850515872394
20.233484608460188
20.247550251906976
20.261615895353764
20.273249987941558
20.28044411165183
20.283971771899626
20.291166135693192
20.302800616535542
20.316866729382937
20.330932842230332
20.342567323072682
20.34976168686625
20.3532894644432
20.360484066711177
20.372118933206245
20.38618551230862
20.400252091410998
20.411886957906066
20.419081560174043
20.42260945429517
20.429804293444736
20.441439543016667
20.455506585259812
20.469573627502957
20.481208877074888
20.488403716224454
20.491931726112615
20.499126800566803
20.51076243066538
20.524829932966075
20.53889743526677
20.550533065365347
20.557728139819535
20.561256264705307
20.5684515729028
20.580087581003102
20.594155540308712
20.608223499614322
20.619859507714626
20.627054815912118
20.630583055033703
20.637778595428607
20.649414979030684
20.663483392318764
20.677551805606843
20.68918818920892
20.696383729603824
20.699912082206936
20.707107853268607
20.718744609897144
20.732813474175032
20.74688233845292
20.758519095081457
20.765714866143128
20.769243331480908
20.77643933169373
20.78807645889773
20.802145771202163
20.816215083506595
20.827852210710596
20.835048210923418
20.838576788256336
20.845773016119537
20.857410511472004
20.871480268868737
20.88555002626547
20.897187521617937
20.904383749481138
20.907912438076888
20.915108892104346
20.926746753201968
20.940816952785397
20.954887152368826
20.96652501346645
20.973721467493906
20.97725026662732
20.98444694534737
20.99608516981022
21.01015580870301
21.0242264475958
21.035864672058654
21.043061350778704
21.04659025973165
21.053787161686902
21.065425747158137
21.079496822510855
21.093567897863572
21.105206483334808
21.112403385290058
21.11593240335138
21.123129527098524
21.134768471244083
21.14883998023484
21.162911489225596
21.174550433371156
21.1817475571183
21.185276683583677
21.19247402769332
21.20411332820163
21.218185268035732
21.232257207869836
21.243896508378146
21.251093852487788
21.254623086659695
21.26182064971617
21.27346030429786
21.287532672207462
21.301605040117064
21.313244694698753
21.32044225775523
21.323971598942826
21.331169379544026
21.342809385931652
21.356882179175404
21.370954972419156
21.382594978806782
21.38979275940798
21.39332220692703
21.400520203684223
21.412160559631992
21.426233775494715
21.44030699135744
21.451947347305207
21.4591453440624
21.462674897235193
21.469873108772866
21.48151381205634
21.49558744784869
21.50966108364104
21.52130178692451
21.528499998462184
21.532029656617436
21.53922808157313
21.550869129988968
21.56494318304711
21.57901723610525
21.59065828452109
21.597856709476783
21.601386471949574
21.608585108973703
21.620226500339413
21.634300968024704
21.648375435709994
21.660016827075705
21.667215464099833
21.670745330231526
21.67794417798723
21.689585910140885
21.70366078983955
21.717735669538214
21.72937740169187
21.736576249447573
21.74010621858572
21.747305275748698
21.75894734654869
21.773022635671516
21.78709792479434
21.798739995594335
21.805939052757314
21.8094691242556
21.816668389513957
21.82831079683874
21.842386492820772
21.856462188802805
21.868104596127587
21.875303861385945
21.87883403460409
21.88603350665819
21.897676248406025
21.911752348706266
21.925828449006506
21.93747119075434
21.94467066280844
21.94820093711214
21.95540061467445
21.967043688763173
21.981120190864274
21.995196692965376
22.0068397670541
22.014039444616408
22.01756981937725
22.024769701172172
22.036413105538944
22.05049000694693
22.064566908354916
22.076210312721688
22.08341019451661
22.086940669112018
22.094140753875767
22.10578448647684
22.11986178472081
22.133939082964783
22.145582815565856
22.152782900329605
22.156313474142742
22.163513760623193
22.175157819433664
22.18923551206552
22.203313204697373
22.214957263507845
22.222157549988296
22.22568822240801
22.232888709364556
22.244533092378155
22.258611176972302
22.27268926156645
22.284333644580048
22.291534131536594
22.29506490195735
22.30226558816075
22.313910293389604
22.3279887675427
22.342067241695794
22.353711946924648
22.36091263312805
22.36444350094985
22.371644385182112
22.383289410656513
22.397368271987176
22.41144713331784
22.42309215879224
22.430293043024502
22.433824007652834
22.44102508870706
22.45267043247526
22.46674967862382
22.480828924772382
22.49247426854058
22.499675349594806
22.503206410440562
22.51040768712082
22.5220533472488
22.53613297587703
22.550212604505262
22.56185826463324
22.5690595413135
22.572590697792922
22.57979216891412
22.591438143485387
22.60551815227624
22.619598161067092
22.631244135638358
22.638445606759557
22.641976858294157
22.649178522681908
22.660824809797276
22.674905196454638
22.688985583112
22.70063187022737
22.70783353461512
22.711364880631642
22.71856673712213
22.730213334899524
22.74429409714795
22.758374859396376
22.77002145717377
22.77722331366426
22.780754753594593
22.787956801034454
22.79960370760869
22.813684843193176
22.827765978777663
22.839412885351898
22.84661493279176
22.850146466072893
22.85734870331909
22.868995916841687
22.883077423527418
22.89715893021315
22.908806143735745
22.916008380981943
22.91954000705589
22.92674243297559
22.938389951614568
22.95247182718667
22.966553702758773
22.97820122139775
22.98540364731745
22.988935365631207
22.996137979101654
23.007785801041333
23.02186804330465
23.035950285567967
23.047598107507646
23.054800720978093
23.05833253098356
23.065535330891965
23.077183454332783
23.091266061111632
23.105348667890482
23.1169967913313
23.124199591239705
23.127731492393654
23.134934477637074
23.146582900795384
23.16066586993334
23.174748839071295
23.186397262229605
23.193600247473025
23.197132239237018
23.20433540872224
23.215984129830133
23.23006745918979
23.244150788549447
23.25579950965734
23.263002679142563
23.266534760982896
23.273738113626322
23.285387130931444
23.2994708183942
23.31355450585696
23.32520352316208
23.332406875805507
23.335939047193186
23.34314258192072
23.354791893686084
23.368875937151916
23.38295998061775
23.394609292383112
23.401812827110646
23.405345087521294
23.412548803268244
23.424198407772053
23.43828280515931
23.45236720254657
23.464016807050378
23.471220522797328
23.47475287171115
23.481956767422094
23.493606662957568
23.507691412202746
23.521776161447924
23.533426056983398
23.540629952694342
23.54416238959607
23.551366464224774
23.563016649099975
23.577101748157514
23.591186847215052
23.602837032090253
23.610041106718956
23.613573631097797
23.620777883607094
23.63242835614475
23.64651380298683
23.660599249828913
23.67224972236657
23.679453974875866
23.68298658622545
23.69019101558714
23.701841774124482
23.71592756674081
23.730013359357137
23.74166411789448
23.74886854725617
23.752401245074502
23.759605850269253
23.771256893157847
23.785343029555463
23.79942916595308
23.811080208841673
23.818284814036424
23.821817597825824
23.82902237784306
23.840673703448644
23.85476018165172
23.868846659854796
23.88049798546038
23.887702765477616
23.891235634744678
23.898440588582492
23.910092195284815
23.92417901333446
23.938265831384104
23.949917438086427
23.95712239192424
23.96065534617978
23.96786047284483
23.97951235903748
23.993599514991548
24.007686670945617
24.019338557138266
24.026543683803315
24.03007672256233
24.037282021069732
24.04893418516
24.0630216770929
24.077109169025803
24.08876133311607
24.095966631623472
24.099499754405088
24.106705223778338
24.118357664187055
24.132445490189568
24.14653331619208
24.158185756600798
24.165391225974048
24.168924432301463
24.17613007157233
24.187782786733706
24.201870944912784
24.215959103091862
24.227611818253237
24.234817457524105
24.238350746924567
24.245556555133007
24.25720954349449
24.271298031973096
24.285386520451702
24.297039508813185
24.304245317021625
24.30777868902636
24.314984665220422
24.326637925242544
24.34072674215946
24.35481555907638
24.3664688190985
24.373674795292562
24.37720824943674
24.38441439267247
24.396067922828703
24.410157066338353
24.424246209848004
24.43589974000424
24.443105883239966
24.446639419062674
24.45384572840403
24.46549952718065
24.479588995452932
24.493678463725214
24.505332262501835
24.51253857184319
24.516072188887364
24.52327866340613
24.534932729302056
24.54902252052216
24.563112311742266
24.57476637763819
24.58197285215696
24.58550654996935
24.59271318874505
24.604367520271715
24.618457632639966
24.632547745008218
24.64420207653488
24.651408715310584
24.654942493441716
24.66214929556153
24.673803891242745
24.68789432297443
24.701984754706114
24.71363935038733
24.720846152507143
24.724380010511272
24.73158697506994
24.74324183344175
24.757332582766942
24.771423332092134
24.783078190463943
24.790285155022612
24.793819092457678
24.80102621855743
24.81268133816799
24.826772403331404
24.840863468494817
24.85251858810538
24.85972571420513
24.86325973063274
24.8704670173832
24.88212239679263
24.89621377605345
24.91030515531427
24.921960534723702
24.92916782147416
24.932701916459518
24.939909362977634
24.9515650007579
24.965656692389622
24.979748384021345
24.99140402180161
24.998611468319726
25.002145641431603
25.00935324684157
25.021009141576346
25.03510114386663
25.049193146156913
25.06084904089169
25.068056646301656
25.071590897112365
25.078798660545537
25.090454810830074
25.104547122080582
25.11863943333109
25.130295583615627
25.1375033470488
25.14103767513414
25.14824559572896
25.159902000169968
25.173994618696213
25.188087237222458
25.199743641663467
25.206951562258286
25.210485967197513
25.217694044099424
25.229350701314956
25.24344362544615
25.257536549577345
25.269193206792878
25.27640128369479
25.279935765070576
25.28714399743196
25.298800906051273
25.312894134130186
25.3269873622091
25.33864427082841
25.345852503189796
25.349387060588203
25.356595447568292
25.36825260623173
25.382346136614544
25.396439666997356
25.408096825660795
25.415305212640884
25.418839845651306
25.426048386416127
25.437705793775013
25.451799624831164
25.465893455887315
25.4775508632462
25.484759404011022
25.488294112226168
25.49550280594846
25.507160460664963
25.52125459077702
25.535348720889075
25.54700637560558
25.55421506932787
25.557749852343726
25.564958698202854
25.576616598949887
25.590711026513393
25.6048054540769
25.61646335482393
25.62367220068306
25.627207058098843
25.634416055280752
25.64607420074185
25.660168924165195
25.67426364758854
25.685921793049637
25.693130790231546
25.696665721649683
25.703874869346816
25.715533258216023
25.729628275920305
25.743723293624587
25.755381682493795
25.762590830190927
25.766125835217014
25.77333513262824
25.78499376361
25.79908907402889
25.813184384447776
25.824843015429536
25.832052312840762
25.835587391083525
25.842796837414088
25.854455709223135
25.868551310802744
25.882646912382352
25.8943057841914
25.901515230521962
25.905050381593238
25.91225997605466
25.923919087415904
25.938014978614646
25.95211086981339
25.963769981174632
25.970979575636054
25.97451479915075
25.981724540960798
25.993383890609234
26.00748006989771
26.021576249186186
26.033235598834622
26.04044534064467
26.043980636220727
26.051190524603317
26.062850111283897
26.076946577144753
26.09104304300561
26.10270262968619
26.10991251806878
26.11344788532715
26.12065791951231
26.132317741979858
26.146414492907674
26.16051124383549
26.172171066303036
26.179381100488197
26.18291653905281
26.1901267182766
26.20178677529569
26.215883809796843
26.229980844297994
26.241640901317087
26.248851080540877
26.2523865900386
26.259596913543053
26.271257203887934
26.285354520480475
26.299451837073015
26.311112127417896
26.31832245092235
26.321858030982963
26.32906849801602
26.340729020470487
26.354826617684026
26.368924214897564
26.38058473735203
26.38779520438509
26.391330854641264
26.398541464456724
26.410202217814035
26.424300094189626
26.438397970565216
26.450058723922528
26.457269333737987
26.46080505382524
26.46801580568268
26.479676788745465
26.493774942835472
26.50787309692548
26.519534079988265
26.526744831845704
26.53028062140239
26.537491514567126
26.549152726147273
26.56325115651527
26.57734958688327
26.589010798463416
26.596221691628152
26.599757550295404
26.60696858403842
26.618630022956985
26.632728728177632
26.64682743339828
26.658488872316845
26.66569990605986
26.669235833481586
26.676447007079478
26.6881086721666
26.702207650825528
26.716306629484457
26.72796829457158
26.73517946816947
26.738715463992317
26.745926776727238
26.75758866682204
26.77168791751575
26.785787168209456
26.79744905830426
26.80466037103918
26.8081964349125
26.8154078860721
26.827070000022598
26.841169521358328
26.855269042694058
26.866931156644554
26.874142607804156
26.87767873937999
26.884890328257367
26.896552664920378
26.910652455516022
26.924752246111666
26.936414582774677
26.943626171652053
26.947162370585097
26.95437409647873
26.966036654719776
26.980136713203756
26.994236771687735
27.00589932992878
27.013111055822414
27.016647321769987
27.023859183983696
27.03552196267694
27.049622287688106
27.063722612699273
27.075385391392516
27.082597253606224
27.086133586228247
27.093345584071123
27.105008582099252
27.119109172286777
27.1332097624743
27.14487276050243
27.152084758345307
27.15562115730428
27.16283329009065
27.17449650634481
27.18859736036808
27.202698214391354
27.214361430645514
27.221573563431882
27.22511002839286
27.232322295442213
27.24398572882191
27.25808684535044
27.27218796187897
27.28385139525867
27.291063662308023
27.294600192938578
27.301812593575534
27.313476242988568
27.327577620701874
27.34167899841518
27.353342647828214
27.36055504846517
27.364091644435376
27.37130417798962
27.382968042351987
27.397069679939506
27.411171317527025
27.42283518188939
27.430047715443635
27.433584376426033
27.44079704223228
27.45246112046809
27.466563016629067
27.480664912790044
27.492328991025854
27.4995416568321
27.503078382501695
27.51029117989962
27.521955470941023
27.536057624384433
27.550159777827844
27.561824068869246
27.569036866267172
27.572573656301373
27.579786584635578
27.591451087422687
27.605553496867117
27.619655906311547
27.631320409098656
27.63853333743286
27.6420701915115
27.649283250131457
27.660947963612255
27.675050627785822
27.68915329195939
27.700818005440187
27.708031064060144
27.711567981865425
27.71878117012543
27.730446093255708
27.74454901089596
27.75865192853621
27.77031685166649
27.777530039926493
27.78106702114296
27.788280338402082
27.799945470145364
27.81404863999919
27.828151809853015
27.839816941596297
27.84703025885542
27.85056730316996
27.85778074879201
27.869446088119457
27.883549508942988
27.89765292976652
27.909318269093966
27.916531714716015
27.92006882181782
27.927282395171282
27.938947941061627
27.95305161162016
27.967155282178695
27.97882082806904
27.9860344014225
27.989571571003058
27.996785271461054
28.00845102290054
28.022554941968437
28.036658861036333
28.04832461247582
28.055538312933816
28.059075544686856
28.066289371627107
28.0779553276094
28.09205949396999
28.106163660330584
28.117829616312875
28.125043443253126
28.128580736874632
28.1357946896794
28.14746084920552
28.161565261651045
28.17566967409657
28.18733583362269
28.19454978642746
28.198087141615634
28.205301219671693
28.21696758174994
28.23107223908144
28.245176896412936
28.256843258491184
28.264057336547243
28.267594753002488
28.27480895570106
28.286475519346954
28.300580420374175
28.314685321401395
28.326351885047288
28.33356608774586
28.337103565170754
28.344317891907487
28.355984656143686
28.370089799685026
28.384194943226365
28.395861707462565
28.403076034199298
28.40661357229856
28.41382802247348
28.425494986329717
28.439600371212123
28.45370575609453
28.465372719950764
28.472587170125685
28.47612476860619
28.483339341623644
28.49500650413666
28.50911212919555
28.52321775425444
28.534884916767457
28.54209948978491
28.545637148355627
28.552851843624264
28.564519203837744
28.578625067916917
28.59273093199609
28.60439829220957
28.611612987478207
28.61515070585022
28.622365522782932
28.634033079747418
28.648139181698998
28.662245283650577
28.673912840615063
28.681127657547776
28.684665435434226
28.691880373448118
28.703548126220976
28.7176544649053
28.731760803589626
28.743428556362485
28.750643494376376
28.754181331492468
28.76139639000881
28.773064337654137
28.78717091193971
28.801277486225285
28.812945433870613
28.820160492386954
28.82369838844993
28.830913566894125
28.842581708482705
28.856688517246095
28.870795326009485
28.882463467598065
28.88967864604226
28.893216600771364
28.900431898572908
28.912100233182137
28.926207275307913
28.94031431743369
28.95198265204292
28.959197949844462
28.962735962960945
28.969951379553375
28.9816199062672
28.99572718064785
29.009834455028503
29.021502981742326
29.028718398334757
29.032256469561844
29.039472004382727
29.051140722291585
29.065248227827453
29.07935573336332
29.09102445127218
29.098239986093063
29.101778115155938
29.108993767646805
29.120662675847562
29.13477041144676
29.148878147045956
29.160547055246713
29.16776270773758
29.171300894363373
29.178516663969692
29.19018576156559
29.204293726143923
29.218401690722256
29.230070788318155
29.237286557924474
29.240824801842226
29.24804068801338
29.25970997411397
29.273818166594886
29.2879263590758
29.299595645176392
29.306811531347545
29.310349832288203
29.317565834477428
29.329235308198502
29.343343727512995
29.357452146827487
29.36912162054856
29.376337622737786
29.3798759804342
29.387092098098563
29.398761758562113
29.412870403648668
29.426979048735223
29.438648709198773
29.445864826863136
29.449403241050007
29.456619473650374
29.468289319984525
29.482398189789045
29.496507059593565
29.508176905927716
29.515393138528083
29.51893160894197
29.52614795594296
29.537817987281915
29.55192708075765
29.566036174233385
29.57770620557234
29.58492255257333
29.58846107895262
29.59567753982258
29.607347755306566
29.62145707141405
29.635566387521532
29.647236603005517
29.65445306387548
29.65799164596039
29.66520822017135
29.676878618946557
29.690988156653525
29.705097694360493
29.7167680931357
29.72398466734666
29.7275233048792
29.734739991906856
29.746410573125385
29.76052033140673
29.774630089688078
29.786300670906606
29.793517357934263
29.797056050658227
29.804272849981885
29.8159436128017
29.830053590639395
29.84416356847709
29.855834331296904
29.863051130620562
29.86658987828151
29.873806789384066
29.885477732968923
29.899587929351952
29.91369812573498
29.92536906931984
29.932585980422395
29.936124782767646
29.943341805135564
29.955012928654977
29.969123342579284
29.98323375650359
29.994904880023004
30.002121902390922